-3.357492984136989378e-01
2.574889391171386599e-01
-3.325723163064484567e-01
-1.175534244363762859e-01
-4.720462545600334625e-01
-2.430918855564334624e-01
-9.751963679171029575e-01
-3.658543768254611805e-01
-8.309887414324241828e-01
9.996505160803484946e-01
-1.015183945724347447e+00
-8.586361018123658262e-01
-9.627789345898940532e-02
-9.380397207972698270e-01
-6.720763261950559730e-01
-2.628150027644489128e-01
-9.548118261574702892e-01
-3.574197280603386151e-01
9.596477037000310517e-01
-4.666527097340433250e-01
-2.026646717502376127e-01
6.804400973995439195e-01
-7.245315648161272382e-01
-6.284085800842607039e-01
4.061283164958862102e-01
7.317971523635280473e-01
-3.735822217838520309e-01
-3.818016527721674880e-01
-9.330256973322761382e-01
1.718851501250022729e-01
2.701901685419441090e-01
-2.815678771928808999e-01
6.458765247365225726e-01
-6.031954005925452833e-01
-1.674015801033068573e-01
4.072111123496842122e-01
-1.869622095122440708e-01
-6.547234745582129756e-03
-3.374830075290522480e-01
6.648221589985942037e-01
8.509316486005666924e-01
-4.258713187282170409e-01
-9.648707964707636808e-01
9.680060480492027608e-01
-9.608666318988245969e-02
5.365729987502312198e-02
4.491870158765250975e-01
-8.600683001392201987e-01
1.329955229696255792e-02
-2.849943139388029234e-01
-1.026125407692692004e+00
-7.447816448492083907e-01
-5.657249215260424791e-01
-9.736329269908488016e-01
6.569366363192352676e-01
9.860095242236014412e-01
-9.506008360165432158e-01
1.565267962233150012e-01
-4.110873949306146358e-01
6.131322448663002467e-01
-4.046902903851457012e-02
4.682480001929982816e-01
-4.616195979105790492e-01
9.013864348909952362e-01
2.716433879074823809e-01
-2.244430965388286570e-01
3.117558249006755489e-01
-7.003469928907333220e-01
-3.935341569162145170e-01
-3.133335157286811778e-01
-5.289185538532015229e-01
-2.662958596217337437e-01
-6.945980035211862802e-01
2.182571810811861912e-01
4.768771211774894270e-01
9.458664432056160809e-01
8.835838589401616705e-01
-8.037558380912529499e-01
9.706761083345500918e-01
5.318341575322642623e-01
9.691511940966202054e-02
-2.991365071297213962e-01
-4.964254446276066268e-01
1.700964002419285137e-01
-4.639390969194825409e-01
8.514360936485267928e-01
-9.810775147332231327e-01
1.530695242474726658e-01
3.593918594644027742e-01
6.857908150075340270e-01
-2.317835666979358444e-01
-8.498510800082994532e-01
-6.483348066817271604e-01
-8.033386732162770549e-01
5.826218110308276632e-01
3.384570067420875628e-01
2.502801659077962676e-02
-7.321117329933899409e-01
-4.133666213366489206e-01
-7.234959858432035151e-01
4.559480167400686845e-01
6.525715713495489068e-01
-1.149335716788257855e-01
3.190892812981100946e-01
4.371998552355582657e-01
4.908784119649280964e-01
-5.131620558440095348e-01
8.661140422135813477e-01
8.155194868758619542e-02
-9.550886093843915514e-01
2.883595903468145760e-01
-4.312887083536005584e-01
4.268700942079144411e-01
-8.923348911993187471e-01
-9.742356899853419350e-01
-9.293381304777297292e-01
5.226005971672633699e-01
-3.997619006697581412e-01
-9.755171127217765470e-01
-6.672077040738821907e-02
-8.154981113635411116e-01
8.887027664258488890e-01
