3.696202145730671518e-01
-3.167945567219230263e-01
5.145674117101783906e-02
8.734770994375748998e-01
4.777248532511892964e-01
-7.735836709787281551e-01
5.248358709331912841e-02
-9.689412068415863555e-01
-1.741956393386274726e-01
7.065739001617776793e-02
6.354178011642112045e-01
-2.389558067062267366e-01
9.427258958482545026e-01
5.178074374294996396e-01
7.658521896858248024e-01
-4.594391473616936672e-01
-7.541125375316053425e-01
7.221264696394169569e-02
6.993998264097309736e-01
4.923135825591713477e-01
7.845829428092541136e-01
6.427956340025531290e-02
8.880852886285452996e-01
3.314614554909629529e-01
9.984934978117621096e-01
1.928402306011525180e-01
-4.321973786925223937e-01
3.619104603561982270e-01
4.874039359042425801e-01
-6.144657670366033830e-01
1.070808301630423731e-01
8.011822756553885760e-01
-8.070949603141186479e-01
7.620086826265155544e-01
6.882175842071649452e-01
-5.797150558430546052e-01
-8.905447643520869594e-01
-1.479151868032255734e-01
-1.632080840931551258e-01
-6.707151428864104314e-01
4.189683558252521589e-01
-6.607237170618809330e-01
-9.655439651496970921e-01
-3.005671892728178918e-01
-8.160737799822050942e-01
5.037368359459126754e-01
7.721009288508986490e-01
5.275485780516453449e-01
7.241738027376243281e-01
1.418134958748957786e-01
8.452016062766122551e-02
-3.281774448451615367e-01
-7.745192233050466335e-01
4.796261746775043466e-01
8.893045137993826899e-03
9.136715208774317531e-01
4.891870835106570947e-01
-9.483253627820034115e-01
3.251108249693046570e-01
7.984631030179314415e-01
-8.876675873467188005e-02
1.122663275599611321e-01
-4.345590776021956980e-01
-7.333040647824855540e-01
-5.288420362840153821e-01
9.372686785909973839e-01
-4.928357904026992031e-01
-5.605732155354594681e-01
4.497022615242951549e-01
8.628090192346914433e-01
-9.500929764747338968e-01
-4.699645460685593079e-01
-2.633753246119636682e-01
2.692787484414220778e-01
-8.128985723483190817e-01
7.318326777041532782e-01
-9.040832284294375576e-01
-2.255401956024736254e-01
4.442600632684041706e-01
5.978571227068607552e-01
5.691645409555667889e-01
-4.358939993258155177e-01
-2.493898357702655222e-01
-7.366231785710621871e-01
1.506161764182816221e-01
7.513145790236486210e-01
2.341061327943898540e-01
1.825493850371857629e-01
-3.905264345336696419e-01
-9.261213311944525017e-01
-3.814158126461588694e-01
5.342988061999410787e-01
7.849036801274578146e-02
-8.914629045866997448e-01
-2.646916087933304240e-01
5.916854965050735160e-01
2.000050704174698435e-01
-7.564744866567865156e-01
7.115414720161614692e-01
-4.606443033940421650e-01
8.344266432101432596e-01
8.830778989162282322e-01
4.833190736462844583e-01
5.617083467264127883e-02
5.572929374781050438e-01
-3.658048424609305904e-02
-4.153008036920609047e-01
-3.543250847367973577e-01
-7.705684072132497064e-01
3.293831196265717409e-02
8.470985567357607326e-01
8.063000441674816887e-01
-6.996338706202775981e-01
7.930289919675377330e-01
9.676683892582049751e-02
-7.328976821950941023e-01
-9.312481488377000183e-02
-9.169659784828647631e-01
-1.244119630264250986e-02
-8.753318702789110173e-01
2.919992561781490359e-01
-2.519548608795618705e-01
