2.545178228257878317e-01
-9.701896098848394878e-01
-7.041625076882005452e-01
-8.535735808999247443e-01
1.534387674702086812e-01
3.086869278587318632e-01
3.341681505963147725e-01
-1.534364828616716636e-01
-9.239189544297017331e-01
3.043376605440109017e-01
3.155686038774641045e-01
-6.658921926425143134e-02
-5.910475375078183546e-01
4.067246922040990142e-02
5.284208940264893961e-01
-2.956095642789921540e-02
8.696742282185501161e-01
3.168874660686824551e-01
6.925743398832726605e-01
8.477581364282338328e-02
5.066891742838193213e-01
8.407473559446807521e-01
1.897093296945262519e-01
1.084492569447403909e-01
-7.638093346583019194e-01
-4.888523000341666869e-01
-1.002490496147015797e+00
1.151015229036029819e-01
7.674490271314415857e-02
3.866101659854073169e-01
2.280242754022498985e-04
-6.717176194849572290e-02
-2.559968789035764747e-01
-5.528685616298512073e-01
-4.038758348525630648e-01
-8.399199499012086623e-01
-1.565424795805547831e-01
2.293371653613236472e-01
-4.593523852062473267e-01
-1.137684507221450314e-01
-1.084303353548699000e-02
-2.941301988673039602e-03
1.909598505082490405e-01
-5.084644389682577703e-01
-8.864215075065158267e-01
4.743535626214101519e-02
7.165650200283142368e-01
-6.873879571556604784e-01
-2.687601873439253719e-01
5.536455629153134161e-01
-8.872170966236476719e-01
-6.661830466517142391e-01
2.238702088497954712e-01
-9.658962384882425756e-01
-8.489093267457951120e-01
-2.567290671436326388e-01
-2.504505469328301981e-01
-8.304775487240221299e-01
7.067972475200972049e-01
-6.686561735973639564e-02
-1.036721473308486186e-01
8.168325178915165630e-01
-8.982433299080943012e-01
6.559677993201964430e-01
5.846844835951590102e-01
4.083128365752086708e-02
-2.008359964389947461e-01
8.153524033694425910e-02
-7.187334296326042260e-01
8.978216346391983960e-01
1.455185030109855671e-01
-2.828875512225497157e-01
-3.545533298762881813e-01
6.166692740714132537e-01
-9.947543489212899992e-01
8.003656157445167008e-01
-9.876847794400918090e-01
-9.665485357305374503e-01
-8.923043745894312373e-01
6.728323296114335772e-01
9.775993891252499068e-03
-1.997365245854707538e-01
7.389618791710450552e-01
-5.994469160964410737e-01
2.411948355308315417e-01
-3.921225875160794239e-02
-5.115532311475022853e-01
-9.468973143734327191e-01
-9.780617754677338738e-01
1.911709593435334531e-01
4.112065543455594163e-01
-2.147019998880057567e-01
-5.708781068260337932e-02
6.515106793854383849e-01
-1.310373723244785960e-01
3.048225615342414763e-01
1.830267769030971825e-01
-5.302236055035161044e-01
