2.590119056045840917e-01
6.860888703588765569e-01
-2.847661234384923357e-01
-2.084483934714714548e-01
4.233229319417788350e-01
-2.485275347126020273e-02
-4.654076760284655556e-01
4.230216574028999865e-02
6.692177349713130941e-01
-9.332616455681839174e-01
-8.759952952094601786e-02
-5.810129570417681411e-01
-2.537686511519483545e-01
4.655077120866546458e-02
-8.498698752847955173e-01
-5.479371283719640662e-01
-9.426908140655667623e-01
3.382614749625804107e-01
-3.449666831111388721e-01
7.021530127464901128e-01
1.089177883571905703e-01
6.459695942889907005e-01
-1.242130203311035963e-01
-8.042768521038616836e-01
-6.063805400112105559e-01
-6.798659513554874412e-01
2.216434054176050772e-01
5.603330407049276207e-01
5.317275507816694446e-01
6.619490391249311934e-01
4.140696455772017170e-01
1.021037656010472805e-01
-6.807573197546119559e-01
-2.930848943947073071e-01
-8.977230302916472393e-01
-4.034557980304924740e-01
-7.949109060969039575e-02
-1.447146722193048962e-01
-3.677105322728069225e-01
8.174674054291684033e-01
-4.766642706453751988e-01
-6.074524526062987650e-01
5.470155708517743243e-02
9.813443053148696027e-01
2.251432088448661051e-01
-5.605914519721890699e-01
-1.788858789480327616e-01
-7.841148761925452737e-01
4.435939654892004924e-01
7.677438755343162224e-01
-2.577156129074362756e-01
-5.539867998362033585e-01
3.279063509981046398e-02
-3.964587182423220946e-01
-3.029949410909764662e-01
1.505119205704672225e-01
1.208853588911433796e-01
5.351926379546563250e-01
-9.591000674204859244e-01
-7.649784658398939285e-03
-2.022128853624325096e-01
-3.841822799514487130e-01
-1.173913313615493337e-01
-7.663400462916178935e-01
4.797812577663091993e-01
2.960001562824055021e-01
4.777766545493140615e-01
-8.181599302801785267e-01
-4.712051430032808685e-01
-9.734071716618681869e-01
4.977812097507887668e-01
-3.196538207592007907e-01
-1.008662919059296337e-01
5.491357408510835203e-01
-6.459852423595591198e-01
-9.507364511640716831e-01
8.136261360022787326e-01
1.033634064998756319e-01
2.693019721597600391e-01
3.529928495425140866e-01
5.704670249900756218e-01
1.745599966031594619e-01
5.679686976890523376e-01
-7.046570996907017825e-01
3.906311405756548449e-01
-9.178523535761136110e-01
5.478229223934025782e-01
8.236855176944966050e-01
-6.865117033532963653e-01
-1.389461220957144416e-01
7.095179019087677341e-01
6.832763351812631836e-01
-4.560025503528641888e-01
9.714597684677044320e-01
-8.478167756561827417e-02
6.899602694563947702e-01
-8.880506701252128821e-01
-5.589487016332118641e-01
-4.943958209078831434e-01
-3.340222662249634489e-01
1.684815546103177741e-01
-9.886669286000262513e-01
-3.086374300593104358e-01
6.650203791525064467e-01
6.149792233269202324e-01
1.936024922705335272e-01
6.154004744237715485e-01
-8.902138092086528953e-01
-1.722384341423737197e-01
-2.048749830997342869e-02
-8.360777779119573649e-01
7.514826406900254607e-01
5.139091239853070814e-01
3.100148082556617446e-01
-7.531053869376098664e-01
1.991468826247361767e-01
6.581217258829645811e-01
7.263869442723925873e-01
-4.190055758000759134e-01
-3.362872927336855167e-01
-2.953101706602305754e-01
-6.858819080869915652e-02
4.082299526655790434e-01
1.830589004855933677e-01
-1.261557599347737924e-01
-8.017720494964315492e-01
6.529065118242960430e-02
-9.490277450780044699e-01
5.823519713257749864e-01
-9.383343469352647404e-01
-6.441872861711206433e-01
-3.943297467402528955e-01
-4.453988294393027569e-01
5.020028810876535630e-01
7.579821379055837749e-01
1.558642646392713882e-01
-8.976882414359206308e-01
9.040205007858248543e-01
-7.937213040868424940e-01
-8.430759926812892990e-01
7.121320485574744730e-02
-2.360900507852035646e-01
-7.149540090617536592e-01
2.662211811340204903e-01
-8.236227008578265174e-01
5.049989445061712212e-01
6.604174705652370303e-01
-6.186680022925552525e-01
-2.166932298066217566e-01
-1.621105737445374118e-01
-1.178945909633779543e-01
4.124300607904560767e-01
-5.691173426974318605e-01
-9.736523106537333661e-01
3.305635712496384215e-01
9.347718403037880153e-02
-4.290810737689543242e-01
1.141176191550303809e-01
6.750003066054977019e-02
-8.775762616217808176e-01
-1.205465671347771550e-01
2.113605510927678566e-01
1.994622918939933098e-01
3.280302738855762623e-01
-6.452591356204546713e-01
7.180822007383644845e-01
6.421324986807335211e-01
-4.371909954322590330e-01
4.924396838274911481e-01
2.218096767703452432e-01
-6.529444317101038564e-01
-6.601356714826964733e-01
