-9.524611409556844599e-01
9.815208984947458859e-01
-9.209729868127718433e-01
-5.794018507578015953e-01
1.843885297405838397e-01
1.618050276455118563e-01
2.450092415837290538e-02
-4.736894771283495231e-02
8.574413288558340174e-01
2.478041297767952233e-01
-2.927093584405544568e-01
-5.530180110195395127e-01
-2.903283129694789189e-02
-5.829733806966541643e-01
8.071806196250308485e-01
-7.158093507577629744e-01
9.249378138801787053e-01
-1.449432674718622582e-01
2.401563442266871906e-01
9.820742260909072208e-01
9.400442666284130055e-01
4.519600297266765931e-01
4.071151413673825825e-01
5.516593650923717895e-01
-5.681528068228303141e-01
-5.657196648765554503e-01
8.866072591327733843e-01
3.738853040500862424e-01
-4.760616232366745582e-01
5.669614976914769677e-01
3.215709243644471194e-02
-7.843130632671835301e-02
-9.864549235709387798e-01
-4.145897360015511346e-01
-9.191415018425830308e-01
-9.016730655108065040e-01
-4.761702708854322896e-01
-3.052358595676463171e-01
1.675064556571408403e-01
9.589643134278589276e-01
-6.648529164146090853e-01
3.699293068572737653e-01
-5.634520619320033674e-01
-6.054877317648976742e-02
9.916042266196167798e-01
-1.645393567611952435e-01
-6.705202015627995671e-01
4.090149342112230357e-01
-3.155162241670468326e-01
1.475496013728343492e-01
3.043472969121243654e-01
-3.280009028530552762e-01
2.804383996786443678e-01
-4.449821735747803153e-01
2.236880315536113883e-01
-3.964880281441214294e-01
7.477657005001203672e-02
-7.692081151786083204e-01
-9.507935514174929992e-01
-7.099154896489818789e-01
4.336679417355937538e-02
-9.034144130620758162e-01
-3.277899185704646889e-02
8.938980152195843409e-01
2.078174906657697107e-01
9.201091827294294312e-02
-7.785119480189532926e-01
-4.122975532154580236e-01
-7.985309049486648547e-01
-2.322744763552102576e-01
-6.285684635740003134e-01
7.867173220634926523e-02
4.338989253872809204e-01
1.226202514641472341e-01
8.624052864675555430e-01
-1.622213822667200045e-01
3.365596019790690896e-01
8.267406419723968281e-01
-6.134045988567020657e-01
-8.128870350895009977e-01
7.147339813447979306e-01
-5.978326303327308189e-01
-4.904102266198264726e-01
7.840242517895983365e-01
1.658735106337245746e-01
8.856340117395338218e-01
-3.852651196165413072e-01
1.392149357777907603e-01
6.300500387276919412e-03
9.529712052453427340e-01
-7.643927365441556265e-01
-8.270452284244194097e-01
9.484583066869658463e-01
1.970641491320328509e-01
-9.376949257864415355e-01
-9.160066820555665679e-01
-2.580286049737630094e-01
-9.721038457262520804e-01
-1.653984668086472265e-01
-9.947541926332741369e-01
-7.404246137059595778e-01
1.148849414314323525e-02
8.140819597814701325e-01
-9.243812087925060705e-01
3.883563599919752640e-01
-6.753750786894234803e-01
7.891628962647323497e-01
-2.512830422476897141e-01
-3.000036365982683417e-01
-3.054861945421776248e-01
9.281599116631402691e-01
-7.419164911579361199e-01
5.127448258923379409e-01
4.357862503837494073e-01
3.175874503701867635e-01
6.928960676411520803e-01
-7.581670739239778634e-01
-6.060558723982447660e-01
-8.365764508180784098e-02
-2.339604498881634465e-01
-3.601050763303690339e-01
-6.280457918015713847e-01
1.650233683195294621e-01
-6.807629084866764213e-01
-1.915449439816940824e-02
1.636840783763846563e-01
-6.330508762163582492e-01
-9.679237276521919231e-01
-7.975819542878881396e-01
7.014994289765685842e-02
3.066966506975138396e-01
8.449697985020925284e-01
-1.718066497052332942e-01
1.003626836070714567e-02
-5.049788087289426297e-01
-4.818365560638895317e-01
4.261384792970526192e-01
2.890788321155119966e-01
-3.593950247801336317e-02
5.238493082320356820e-01
9.269609870948400943e-01
8.073671398819215472e-01
-3.506939275304432613e-02
-6.688561835466269034e-01
3.729382039017083983e-01
8.632824403174084171e-01
-4.093950669184185376e-01
-9.091241755404193547e-01
1.023147666063781713e-01
4.746700216965127339e-02
9.943120545402832633e-01
7.832937427652093554e-01
-9.276070258862985085e-01
-4.974102483636293481e-01
6.704622144354828173e-01
8.673135390395974031e-01
3.098753469542314676e-01
1.990525905770172965e-01
5.950141692612529454e-01
3.932372080703396833e-01
7.522542427271616816e-01
-6.445930072803678357e-01
7.848505439570492292e-01
-6.569962003606901746e-01
3.660186204353454986e-01
8.450635292108483743e-01
5.906219526098446249e-01
2.992992955493722906e-01
1.063244560508578296e-01
-4.248623225858083607e-02
4.242937920891058923e-01
-9.636974549401988721e-01
