3.097903494801976798e-01
8.647363906156215752e-01
-4.103792899748470724e-02
-6.350824609297400780e-01
-5.682677076098696656e-01
2.193374040339612918e-02
-8.758677932810752242e-01
-2.221097733197843205e-01
6.823930934699482531e-01
-5.154636131172718461e-01
-5.531281441019311185e-01
-9.853948011501190152e-02
-2.212310531125583069e-01
2.365949230596757769e-01
-6.924980844937183022e-01
5.002739064676835490e-01
4.778086135561243619e-01
-2.826706034993995420e-01
-2.994831201604915005e-01
9.514966130577646730e-01
1.687714429141617956e-01
-3.121595922424558189e-02
-6.824887393697329774e-01
-1.635891091093859551e-01
-3.186130253811180757e-01
6.829031803649145971e-01
-9.521305041099092925e-01
-9.116727414978820221e-01
-8.031048651021901463e-01
-7.595000206874578108e-01
-1.709648192645025766e-01
-2.327765682313873707e-01
-3.050471264100942381e-01
-2.313934171078784185e-01
6.409685390102042302e-01
1.926979123760133028e-01
1.117818074333307710e-01
4.742244336844805286e-01
1.485134707164075252e-01
5.251772900536760824e-01
5.598078566354611763e-01
2.049404223164781325e-01
2.086881375169609143e-01
7.682265989596042122e-01
-8.163749552550867428e-01
2.725946729555173143e-02
-3.714480867605607362e-01
9.476146812975743128e-01
8.236863747326024221e-01
-8.394063195506540342e-01
-6.601036730396099284e-01
7.857606541854356141e-01
-1.024655337952005141e-01
-3.417000125158136115e-01
4.887318832911493605e-01
-8.763139662571388655e-01
9.027035422579081647e-01
8.537827176206884694e-01
-5.849060841930346921e-01
-4.185814982447704224e-01
-1.726555931018078915e-01
-1.462356140166609642e-01
3.762322663231132402e-01
8.336626359168186617e-02
2.818810550500618906e-01
3.617114422004374941e-01
6.906592698986553369e-01
5.506489399946135066e-03
-4.551716649313175544e-02
-9.961257709531150528e-01
5.164948902332620051e-01
8.451722847275349171e-01
-6.848160846098165777e-01
4.597426805785385096e-01
-6.244942986820110065e-01
-5.410947936277232806e-01
3.728427317601530344e-01
-5.438605200612447454e-01
-8.755005671314586291e-01
8.121174024770132505e-01
-9.317825190386404000e-01
6.563015753303623467e-02
-9.885842881384414582e-01
-4.669971921866384879e-01
-5.184308597876632341e-01
1.581834381661419153e-01
4.290643498585553495e-01
9.676548332286221132e-01
4.986155800868036780e-01
-4.095979724383586040e-01
-3.668931522209573082e-02
8.125772850188865970e-01
-8.476256151307961506e-01
-8.662892929851182533e-01
-4.185127102191885662e-01
-2.229885270066744862e-01
9.204753466455350974e-02
5.852701952562620047e-01
