-2.350019113534806969e-01
-1.804287854546102743e-01
-6.258070845379044567e-01
-2.791066819917809028e-03
4.406025312044505871e-01
-9.867540541630179796e-01
-6.070146881365934277e-01
8.920387036174917128e-01
9.846880330981313545e-01
5.232130403313051126e-02
-6.687703357918062252e-01
-3.445529295843154927e-01
6.286429960298292041e-01
-6.763153827692893749e-01
5.080199159455329738e-01
1.515743849605235560e-01
8.545059262903940134e-01
9.730511209005201501e-01
-1.227867577237029550e-02
-9.888914287031018713e-01
6.154364879980670500e-01
7.611653157604036934e-03
-7.246904319737001998e-01
-1.320250738020503078e-01
9.909849881875922861e-01
6.529296492006284591e-01
-1.952165921697095463e-01
-6.352321852135230928e-01
2.286739721114501300e-01
1.874788548835109037e-01
9.037397561221403031e-01
-1.253603925926232154e-01
-8.335289618846974946e-01
-5.404807921326317821e-01
5.155406017764116999e-01
1.974697930501341236e-01
-5.297000854836531047e-02
6.766690463779585496e-01
2.808370312430672477e-01
-5.648614182773881165e-01
-7.730746179815424224e-01
7.018071568312773678e-01
-8.189608059666886319e-01
-5.525102176872036530e-01
3.761952618126418457e-01
-3.152800242071920334e-01
-8.920795818676365840e-01
-1.302494027818057454e-01
6.940866396342717515e-01
-4.125152265177005617e-01
-1.251934955246498671e-01
7.458857342027114257e-01
1.314745650858692994e-01
6.277038090290745220e-01
-2.172294827879328594e-01
-4.498104150369217624e-01
5.632131540772991052e-01
-6.224519057160005087e-01
-1.296680118140518534e-01
-3.963005341447076724e-01
-8.742789111066682217e-01
-5.383100165737273457e-01
-5.368312511736725856e-01
3.519160391605653526e-01
1.818220694254464309e-01
2.814592170895018342e-01
7.322880196299808020e-02
3.900461701167008410e-01
-9.692751638192218522e-01
-4.816187161025016206e-01
2.539560066542767558e-01
3.680172268917991651e-01
-2.174714942420445940e-01
9.919031912881268731e-01
3.306924033347666825e-01
6.575645713840050366e-01
-8.757701039773668761e-02
-7.166941908437673980e-02
4.520648702419827192e-01
2.035889973475208947e-01
-3.999329027031472972e-01
-9.521009948702352510e-02
-5.363883759258381706e-02
1.797698548530000107e-01
1.220251067903896924e+00
-1.468139863218489438e-01
2.550906208320939950e-01
6.387031792602726465e-01
9.739036559610871890e-01
9.257389562733429056e-01
4.223027639420440238e-01
2.698947557676374398e-01
3.947050832316825186e-01
4.777242686132487925e-02
-3.288945777123033487e-01
-9.314228901375010139e-02
8.087596392885880725e-01
8.384797072189080769e-01
