-1.524317243649018216e-01
5.938364288338027208e-01
1.504677595651144895e-01
-1.691385121036910189e-01
-6.287363452252729967e-01
8.174517896739343925e-01
-1.241918247002702369e-01
-7.075000795353538763e-01
9.206781371975281125e-01
8.588801227237237157e-01
-4.330534628072200687e-01
3.133664103763456055e-02
-9.629798967642351215e-01
5.703046233756798866e-01
3.008066284283787972e-01
4.814589647042899490e-01
-7.578298297470520417e-02
8.380278411007695549e-01
3.614454462898790688e-01
-6.314359911506928213e-02
-5.709531940196930222e-01
1.222867093713322362e-01
5.848655453202289412e-01
8.928640891526800072e-01
5.231326427943727708e-02
8.567792337643254097e-01
3.260019212819795786e-01
-4.005454846678848657e-01
1.444697855911758477e-01
2.387840592289036667e-01
-3.918666978611717866e-02
5.209907076733359954e-01
8.772744492432409391e-01
-3.900099518956343658e-01
2.374054441418609329e-01
-9.607907032047793283e-01
-9.889385625215458830e-01
1.687992506803026593e-02
-1.471396547773475838e-01
-1.280904020610758032e-01
-6.350530875650162166e-02
-2.034546347095391727e-01
-5.653864409784132850e-01
-8.725398672999393757e-01
7.215947905780211169e-01
8.724890182979658793e-01
2.475704058579033529e-01
-9.796691267478898624e-01
-1.915245693752769540e-01
-8.610184250615922075e-01
6.418247317092509174e-01
8.657167641781242651e-01
-5.225880301395857686e-01
-2.511227332157743852e-01
3.729634448222534093e-01
-8.633594724346709270e-01
-5.478729490771889754e-01
6.995999269199020265e-01
3.300170518851570645e-01
8.179877676752560500e-01
-4.303713874496484237e-01
4.849364557041981882e-01
8.537040882529294272e-01
2.161213564132538067e-01
3.306347230133284132e-01
4.446219787088843134e-01
-2.784555014753047342e-01
2.001897695729917270e-01
-7.486635724397983083e-02
9.794488951535940124e-02
8.638665640082461294e-01
8.802997137239332304e-01
-1.694802242704387396e-01
-7.304784196705442767e-01
-9.044844405556045075e-01
9.033845396976625253e-02
-9.358193689464600062e-01
-3.046632619417932730e-01
-1.770909390572992237e-01
-9.149675931958882735e-01
1.427115167436476817e-02
5.675168981622724651e-01
7.483961459820258622e-01
-5.814443020886930213e-01
-5.993033319285723248e-01
8.516798574602439942e-01
-3.415774613941213733e-01
-4.244376610714550857e-01
-2.868635820783786983e-01
7.530693757654969289e-01
-6.927978238535150712e-01
4.757645805417418661e-01
7.639710165996619340e-01
-7.700194742055144204e-02
1.010324329825451617e-01
-8.374007098864006959e-01
1.108469225850516882e-01
2.121887593278579676e-01
