3.759771095033086485e-01
6.494354180954422517e-01
-6.850442575357955644e-01
-9.812423246992441062e-01
5.923073454712575181e-01
-8.400198331071475621e-01
8.199138979388687076e-01
3.540154095344492102e-01
7.979480145667436908e-01
1.547157465278548027e-01
-7.162661012125459692e-01
-5.701874138335905062e-01
4.178908408861607970e-01
7.876976961949291312e-01
-2.378446363992967605e-01
-7.761095729857263592e-01
-3.868734342250048641e-01
1.089227252284090675e-01
5.187211311032255967e-01
3.460311420818529271e-02
-4.861782894166850610e-01
4.641366085871416747e-01
1.066625257276418992e-01
1.865493857686271184e-01
1.378775794814399713e-01
-8.826052721625436970e-01
-2.108748051734790074e-01
5.856683411458696309e-01
-2.672638631038593005e-02
5.780945809807902513e-01
8.722106885912508378e-01
1.249456201521872423e-01
3.600425758420793265e-01
4.963495944352303013e-04
3.565404874432798188e-01
-4.086140063384735566e-01
9.270339151029027835e-01
8.147881134989436447e-01
5.847302416429478455e-01
-7.976855629077643783e-01
4.309845907746059357e-01
7.380504914648693404e-01
1.403673767328785793e-01
-6.146929584472309305e-01
2.078590843865220084e-01
-3.394337341024051824e-01
3.659220052143474788e-02
-5.386460886820709781e-02
7.092469355366337602e-01
-8.730420300871122308e-02
6.676508127473144150e-01
5.494269743070754330e-01
6.568030792627801429e-01
5.698182313897208751e-01
3.610613510339444332e-02
4.907056093036556987e-01
8.088639693892372140e-01
1.552260311472191123e-01
4.385628206709373256e-01
-7.241357423176013608e-01
8.087790505124641260e-01
-6.550036623241886069e-01
-9.745845216651978227e-01
-1.865899864753215454e-01
-7.033698065059379445e-02
1.439425646923058189e-01
1.934504566872696785e-01
-9.928768336333675393e-01
9.457728302134935650e-01
-5.154209491373009655e-01
6.637448394188454337e-01
-9.071872501127637989e-01
-1.999461471310699512e-01
6.564056453298412475e-01
-2.057306637625777590e-02
1.119371888625262379e-01
4.929124735623058307e-02
5.656623721664966187e-01
-3.955995131864100678e-01
-7.005297461141357651e-02
-3.876472331434435148e-01
-3.723247519821828444e-01
-1.998962941085511424e-01
-1.080249827107733207e-01
5.663300606702585949e-01
8.507477115032173742e-01
9.479396492892568915e-01
-8.586756639708981176e-01
-8.183436091395830392e-01
-3.863598189786718873e-01
3.720451227501579972e-01
-5.091909760773953852e-01
4.718746882483426663e-01
-8.655433963072680648e-01
9.760153309629078233e-01
-5.732740912257816568e-01
8.423219100046899221e-01
8.343603531982146659e-01
