-1.205432755615258866e-01
2.654861990903250035e-01
-8.263713545772775060e-01
4.502952379638924807e-01
3.512306506292222075e-01
6.742971470388974264e-01
-6.849691132800472815e-02
5.287910566206432961e-01
-5.813181235391318147e-02
-2.871550539063587593e-01
9.340203429462052842e-01
9.151160377236602361e-01
6.106116329552385702e-02
-8.455354332309701348e-01
-4.891431961463694744e-01
5.683214250474872831e-01
-8.113019833964703054e-01
-5.377464534517240047e-02
-3.935277847526263972e-01
6.906457252104651889e-01
5.769762435175525006e-01
4.106002193510616127e-01
7.338095863099778349e-01
5.379659307789028677e-01
-7.805466231303024305e-01
4.351588492107942852e-01
9.565101058513305610e-01
6.533673295260400415e-02
-3.084944142874467832e-01
-5.380400178434286973e-01
-7.056767947942188535e-01
-1.266635847784145508e-01
-4.009342573770777740e-01
-2.738377320302751716e-01
-1.451719522970689180e-01
2.253049579208110664e-02
9.210611495013736327e-01
4.699681827326211703e-02
-2.285781087335850559e-01
-2.415412723890402180e-01
-9.691265265351600711e-02
7.717771053594910668e-01
8.194662636012517432e-01
5.627138955299586520e-01
7.896204583450348036e-01
-2.683511061582599666e-01
-7.620022717660399625e-01
4.653413014483598342e-01
4.887949952158485711e-01
3.729472121715253774e-01
-3.787023247831995398e-01
7.618414509511961530e-01
-5.884139616858352628e-01
7.592870275701177896e-01
9.900413381130013235e-03
-8.936389164187032996e-01
-9.589818150130164920e-01
-9.399235841590356522e-01
-2.944813174970899450e-01
-9.911656637567303196e-01
-1.061260445695677568e-01
3.124527749799614895e-01
9.774486038803147370e-01
-6.360148501838103208e-01
-5.945784211417266540e-01
4.985603800783056094e-02
8.892293652138512083e-01
2.919521152260728947e-02
-4.743534932695196993e-01
4.066481269693864586e-01
2.285802372701661866e-02
-8.525819726532934961e-01
6.935441755480951098e-01
9.171121664053907274e-01
5.839148124203403789e-01
4.246218065111333484e-01
-7.702918837291827803e-01
-9.368321802387964414e-01
-9.460257643991241139e-01
5.465245852944871086e-01
3.319388341334181813e-01
7.644276931355631355e-01
4.376398784522204100e-01
-5.380046740824240281e-01
6.003909192646099680e-01
5.705041865028528392e-01
-5.380150577660829381e-01
5.821462888903208288e-01
8.626749559305408876e-01
1.030876193103142491e+00
-5.641338719006976365e-01
8.010525326377646582e-01
5.439721854342205454e-01
-2.929755401673992399e-01
7.212379538012430036e-01
-9.585686856455960525e-01
-2.646593274351403124e-01
5.092371936966875179e-01
