3.060397954978506529e-01
-9.334085282622490709e-01
9.069469042451159257e-01
3.915036992851601561e-01
1.756568811477272618e-01
8.742780213968368574e-01
1.145701046033762438e-01
-2.609241059540854391e-01
-1.137414134371999008e-01
1.218712678617859257e-01
-6.896582958793824325e-01
-8.561205852013096251e-01
-9.830624765602840043e-01
-9.266898791632680599e-01
-9.888034326792515261e-01
-1.938887645619480349e-01
8.266329293800978029e-02
5.275823552365739300e-01
3.623150247026711845e-01
-5.265572359569281602e-02
1.392519173001232069e-01
5.139944188844823847e-01
4.785847293900462596e-01
2.780003184852144482e-01
-3.570500558200198071e-01
-1.806621424047183400e-01
-9.910539672079554663e-03
4.492487618511098457e-01
-8.866884330183411045e-01
4.051378899183191162e-01
-4.026818732982778148e-01
2.750178386541299869e-01
-8.992540773775798968e-01
-1.681818051975734196e-01
8.341294170117368179e-01
4.438440473028364419e-01
-4.472439370411496196e-01
-7.903579578817492290e-01
-2.316427073136779757e-01
1.371027673316380369e-01
5.187066187960933661e-01
-1.528340137337447224e-01
9.213299178259484190e-01
-7.585334605959292986e-01
2.379730070423933252e-01
-8.558379308276162778e-01
-4.639760014546143729e-01
-7.475841884276466232e-01
-2.123586935828667421e-01
7.091845711982431855e-01
-8.485513344194361984e-02
5.284879811677951622e-01
-6.333135364741533380e-01
-7.664037744101066529e-01
-2.075906326439402871e-01
2.705894520533063119e-01
-9.273981733456226895e-01
3.554867258189520207e-02
-2.096562161611106312e-01
5.432639989502632272e-01
-3.524924300027407198e-01
3.062831580493621253e-01
-9.918643830806075368e-01
7.147245999273827977e-01
7.988558377432879443e-01
1.140196277487116050e-01
3.982127483840987026e-01
7.451367462161621880e-02
-6.576881270651260269e-01
7.687255417806631019e-01
1.392492496571991478e-01
7.802116239781902163e-01
5.941786528653199007e-01
3.404429428055717466e-01
-1.099723298297090590e-01
3.915497708329547244e-01
8.332650761403608275e-01
-4.836507276855761539e-02
9.353042612197557393e-01
-3.012999654454124876e-01
3.877087415690878003e-01
-1.118525769357698874e-01
3.307578114006239911e-01
-4.982807077938131712e-01
-8.600607544739993227e-01
9.790381060758246434e-01
4.613894440921968432e-01
8.121728621589425767e-01
-3.231380672603816340e-01
-3.598859770150877324e-01
7.174062349251315585e-01
1.239564770337442390e-02
-3.616893870076344497e-02
-7.183333038096741952e-01
3.821540911147444097e-01
-6.666963083016130831e-01
5.460624349204163952e-01
9.216701238654920747e-01
-4.391440842404321643e-01
8.553326170120563177e-01
5.272234902057634232e-01
-1.041577607040201192e+00
-4.185838876381795526e-01
-9.953401675890636291e-01
5.979421043950894354e-01
8.179255957986739656e-01
-3.884292904345314490e-01
7.213802898942760500e-01
9.356812111422960765e-01
-7.476024057996000227e-01
4.245175707957486999e-01
-2.792357910397478271e-01
