3.449139377375256554e-01
7.191232948389025825e-02
-1.590338453257023055e-02
4.175546476139280205e-01
4.077434810177291702e-01
1.179895097936023152e-01
8.143570600304927964e-02
5.408717202005599578e-01
-2.113617581788795330e-01
-6.671692154960064958e-01
-1.785395660592359324e-01
-1.953176151722322285e-01
5.643526805642662403e-01
-4.710647637067619797e-01
-2.707381929225218808e-01
-4.721680729196244819e-01
2.882091500172527798e-01
9.064674918903974365e-01
1.676950912781716152e-01
4.922999321549912516e-02
-1.795756126020617849e-01
6.020894682297037726e-01
-9.310701101149680969e-01
8.872047707798282890e-01
6.798000573074025610e-01
-1.873363839607411485e-02
-7.497825793286945206e-01
-1.110626950185134021e-01
4.054028159242273333e-02
5.291921706903583988e-01
-3.592551611707324177e-01
6.868038239262772571e-01
-6.184474623876309307e-01
-5.631520231639583485e-02
-2.535097878231025170e-01
-3.809612288391914930e-04
1.364629483662687104e-01
-6.383724928297749290e-01
-4.204541128981411635e-01
4.089831954373093215e-01
-5.149705469523733203e-01
3.368558371953266906e-01
-9.447628825669012187e-01
-2.463285624649778072e-01
7.425057532388532611e-01
8.464276874476661661e-02
6.784660236432613623e-01
9.277692505806411916e-02
3.895707206681853219e-01
5.296795478366282950e-01
-1.839076863474697898e-01
2.068664873776008273e-01
3.808196719775167605e-01
-1.824456772183089548e-01
4.285079435764775901e-01
-8.871534932520770411e-01
-9.831176548988027619e-01
-2.973755534541759893e-01
-4.098640810575516769e-01
-1.488887966545338060e-03
-5.368632607965979631e-01
6.042451663604777590e-01
8.944016401950609652e-01
-7.000482149191409320e-01
6.061567453897001023e-01
1.853103858616333977e-01
4.050611224590383586e-02
3.829697371942435424e-01
-7.567282285162539868e-01
-1.466947277459798027e-01
-8.252068010775217566e-01
3.385116524780336089e-01
-5.283362017866886085e-01
7.771299074588863265e-01
6.121243995312375397e-01
-6.881352155682440852e-01
-7.952050338955285458e-01
1.136431018539647564e-01
-7.328143654070002899e-01
8.207175768671426397e-02
-3.538795061979032042e-01
-6.012039601749192830e-01
7.472812713581977739e-02
2.298846308263371441e-01
-6.189838521315098596e-01
6.200766321160264827e-01
1.540575713637852839e-01
9.785465751770581200e-01
5.020384131049984155e-01
3.862460288107529838e-01
-5.048679110499212364e-01
3.182928282734938108e-01
-3.128041931239355922e-01
-5.152337173841736728e-01
5.522916597690776808e-01
-1.828105541458979744e-02
-1.589436514075401874e-01
-1.623076423141800451e-01
-7.239214298415270754e-01
-7.955859860133926986e-01
-6.564171980693978004e-01
-8.589508316683112099e-01
-2.540890345311985765e-01
-4.436039071676574075e-01
-3.190560365062355963e-02
-9.315982454191678030e-01
-8.093796146114284884e-01
-4.744194668038348439e-02
-5.185583981864299030e-01
3.143060274796964926e-01
8.464348237698100519e-01
-7.100705083059757339e-01
5.913173555292705608e-01
-4.932397645435118161e-01
-4.404542923202818816e-01
3.620944984495162444e-01
5.368968785368628538e-01
-6.186002153383090008e-01
-1.386465802039413830e-01
5.383341992396895037e-01
-1.044940584996878474e-01
8.451541506220294764e-03
4.418984337854638955e-01
4.083263691483476343e-01
3.803508015551975152e-01
2.471174999383842774e-01
-6.654656025455827351e-01
1.175160724639168208e-01
-8.548531476365555104e-01
-8.029970122379510578e-01
4.799368454880428292e-01
1.151419915517857273e-01
2.623184816113646178e-01
2.872539528972224421e-01
-9.090097421693446034e-01
-1.878195429354923007e-02
-7.943428942880532695e-01
-6.182954438798620167e-01
6.171850399952103494e-01
9.274899981883064637e-01
7.826413146262867215e-03
-2.885728504060069977e-01
4.299825801287520122e-01
-6.868583609429101955e-01
-7.327685214459667140e-01
-9.849303608131652066e-01
5.633895861533515514e-01
9.242165958610937260e-02
-4.391846963076440069e-01
-7.139131561808951254e-01
8.674044878327435981e-01
-7.747179028103075016e-01
1.820254310436246747e-01
-5.800073773525273868e-01
1.477881387578736661e-01
7.337918206069662386e-01
-3.825984924753205174e-01
-2.349417138044631592e-01
-5.647956030787817383e-01
4.720859862010506891e-01
-2.559158959263079236e-01
9.541747760216312546e-01
3.272978894416112006e-02
8.031002130594142585e-01
-2.322787463267508290e-01
5.291708046410807942e-01
4.003518867316522289e-01
-5.880118799887412706e-02
1.611241274892480924e-01
3.617165053218955872e-01
8.827602715967182156e-01
-4.766118371591780978e-01
5.071267563882655427e-01
9.280362448660917085e-01
-1.234365251873583702e-01
4.375732658251378915e-01
4.684383796847815251e-01
8.077017769414871484e-01
