-4.064844072758331261e-01
-9.757327782285167839e-01
-5.183672769086480336e-01
-9.903177369390578910e-01
-3.053696530228113826e-01
-6.841376364242031105e-01
9.236776347551820532e-01
2.061450634780728208e-01
-2.833485107213840060e-02
-5.259443956796447939e-01
3.583241928583900116e-01
1.947757628641362260e-01
6.918790779445223027e-01
4.194979385010544348e-01
-3.325201297925106658e-01
-4.111844877117241670e-01
-6.275401793398565076e-01
7.780435227877016136e-01
-5.033282248402559667e-01
-6.628429976596954543e-01
-7.166762900441918660e-01
-2.146470087331158183e-01
7.882980321821686509e-02
-4.146699743739907795e-01
-6.764305518863966693e-01
-3.021350040760364397e-01
-1.286121036407417151e-02
-8.295668704928851334e-01
9.072748449071985632e-01
7.349508769195840507e-01
-8.842541012054376814e-01
-4.265226889405513422e-01
-2.863645246936650235e-01
-6.862424676282086189e-01
-9.240692061026911652e-01
8.454517248174429067e-01
-7.026877212674564888e-02
-2.975210867294471040e-01
8.052690222405376463e-01
-6.420222917980167310e-03
6.982995292740363791e-01
-3.686240926813797447e-01
3.739225107004346960e-01
-6.471055681144721738e-01
9.963687576040809457e-01
4.753626255062888273e-01
-9.059059940971834202e-01
7.132875564122271861e-01
-7.937220650775871356e-01
6.418422792678786237e-01
5.139697440650956572e-01
-6.964102674435779239e-01
-5.504040256569289191e-01
-1.208163375532853578e-01
5.400359218389076954e-01
4.466852293737344493e-01
5.734067229522696874e-01
7.983319645267084042e-02
3.293129071973681654e-01
-4.187111407401820085e-01
3.897200269350136193e-01
9.820401521370978326e-01
-2.371781811043094379e-01
-3.397693399982979479e-01
-1.026169128790290763e-01
2.655864012586894862e-01
7.975912723659723813e-01
5.708892684275350682e-01
-6.050877430011127878e-01
-4.261606346932738099e-01
8.989909446067301246e-02
-3.268216696101400309e-01
4.302297033759394651e-02
-2.056635944892153400e-01
-5.686250834325285997e-01
7.242734091946045893e-02
8.107173609315343477e-02
-2.805042369377392930e-01
-3.138048500290537834e-01
-2.885121684430560496e-01
6.687383831422744063e-01
-4.232026413901990303e-02
-1.563297042342624010e-01
2.114159378129936151e-01
8.811754902000339396e-01
-7.361071869827320313e-01
-6.097801228888912739e-01
3.752613300528755413e-01
-2.900568226541246908e-01
4.580066413108003776e-01
-9.497112888356691318e-01
-3.556189743635644884e-01
6.459412870635181658e-01
2.286897053409633340e-01
-6.650664614154208065e-01
3.224973330629792301e-01
-7.714774809650173371e-01
6.138550338373816029e-01
-1.745863260527433791e-01
1.444359207866632300e-01
-7.300840036938521793e-02
5.944605632651676075e-01
-8.360675030970112775e-01
1.104489778872617123e-01
-1.412472950679479755e-01
1.242070336159661892e-02
9.380692578886813404e-01
-1.724560001463107395e-03
4.373324315344802038e-01
8.316116781833988725e-01
2.974210278188538226e-02
-8.702184920213831276e-01
-8.803328390785556401e-01
-8.428751570918713298e-01
6.562969012032147109e-01
7.644271159242439495e-01
3.859113163332297258e-01
-7.409544156144232119e-02
-7.163838455464441868e-01
-7.431836546371655139e-01
5.369571298853488273e-01
6.065607564949855313e-01
