-5.090687530000579386e-01
-5.603265760637439197e-01
8.246456005225117902e-01
7.950087328647710283e-01
-1.132400440264502706e-01
-4.550047389371574269e-01
9.626978721226135960e-01
3.604691172139833366e-01
1.821433767672718529e-01
-8.159851756333051931e-01
-2.536859457815938690e-01
2.990601927969671614e-02
-8.767868780960563768e-01
4.401233832499988896e-01
-3.526567564099820640e-01
3.390011940110249089e-01
1.649071637804391255e-01
3.132827122417316534e-01
8.948347104498330928e-01
-6.832946266543131753e-01
-7.833504075242010423e-01
-3.433089506375255340e-01
-3.443154160468855363e-01
-4.591055642675464510e-01
6.108670778124636325e-01
8.010648395113981746e-01
3.440914681985878243e-01
7.035907638113163554e-01
-9.458261070856646135e-01
-1.040975069349636017e+00
1.386209243076352848e-02
-6.708721934345578397e-01
3.374602024679666523e-01
4.603748383509815856e-01
8.295297849181837435e-01
-3.083176493031172249e-01
-4.627430319819479942e-01
-9.533685800524691611e-01
-2.853254831693363691e-01
-4.336371573936974588e-01
-6.142452299878631283e-01
3.908054559893372470e-01
6.206317301045107815e-01
-1.803385016643705985e-01
-9.567021855408133213e-01
9.683861044857537959e-01
-1.754769412608703227e-02
4.860978867807072001e-01
4.627003261650073362e-01
4.910007546121912814e-01
5.011957503810573478e-01
-3.724637046784269323e-01
-9.279370893857319391e-01
7.185761843353504208e-01
-2.722419945375564865e-01
5.227417130490685793e-01
-5.932754368487436203e-02
3.735444462883159567e-01
-2.262713354737524996e-01
7.461245634154298756e-01
-3.492808512503315921e-01
-3.930001886887950491e-01
8.615287057621756617e-02
1.219907443298604566e-01
-8.846701171553532639e-01
7.259716390163326594e-01
-5.581193978362137820e-01
-1.830491528650031174e-01
-1.899591231349084808e-04
-2.854300096226087824e-01
-5.723742127552731151e-01
-6.018303804413587255e-01
3.425547675288267424e-01
-2.126450458318458470e-01
-7.350705344954564513e-01
3.172891983423031803e-02
7.462212040162454763e-01
-4.666268216532085678e-01
6.856521438481426589e-01
-5.422729472000586970e-01
-6.855168294671172280e-01
-2.342357618556132337e-01
-2.458129978730130560e-01
-6.016644548123959435e-01
1.000231722450488636e-01
7.491193047071802447e-01
-5.393709273549409655e-01
-3.393017845284187484e-01
-9.154461468164267757e-01
-2.877160151855515657e-01
8.661838637937333552e-01
7.963716342431514938e-01
-6.832442669597806884e-01
-9.576389432888390285e-01
-5.237009927619327154e-01
3.037176259938150213e-01
-1.202778208479224897e-01
1.087232993965296934e+00
7.270203353423683179e-01
-4.646967891677726836e-01
6.336888626741901120e-01
-6.093089983194197590e-01
-6.505935673880489656e-01
-1.661963560438135534e-01
-6.113809611430813806e-01
-6.217847666399494155e-01
6.812902378029987993e-01
-4.832213834744463199e-01
-7.961433408458837846e-01
-9.440608553841489670e-01
1.004177281387732545e-01
-4.313855573592100257e-01
1.594927625556232798e-01
-3.281701224935134054e-01
3.926815096833613516e-02
5.963500237537420201e-01
-8.367284485413890582e-01
-7.201318990901885986e-01
4.335467835330033548e-01
1.651025024619327819e-03
7.977596077272555153e-01
-1.823909937746504006e-02
-1.427937454782983728e-01
1.327552579530917320e-01
-8.844598988253882244e-01
-5.561690057866250925e-01
1.302378034274069285e-01
-3.530096361178476361e-01
9.126298393909406670e-01
1.647478419054710930e-01
7.125098091899766395e-01
9.224972908013884254e-01
-4.738125520391694295e-02
6.614323905951551286e-01
9.314279238616429701e-02
-8.844890598258254855e-01
-1.557756019332812158e-02
5.757505269310219109e-01
9.142338517867427683e-01
1.379138063487759247e-01
2.164806147448499196e-01
4.896777554421221090e-01
4.969152895289741245e-01
5.755137989887496031e-02
6.208494902876957600e-01
-6.198721185581681503e-01
8.342303383139035855e-01
-4.009981529401391853e-01
-8.476096743011061196e-01
8.947562728439200086e-01
3.324010624218076693e-01
6.579528503797726913e-02
7.782036693853262577e-01
4.496125717738652661e-01
8.468856453771436144e-01
7.887623481949708193e-01
1.368034321146831545e-01
-1.335597829859140884e-01
5.599189861409139546e-01
-9.098727316557035927e-01
2.585643438337981159e-02
2.441384330513009515e-01
-1.657162084562675552e-01
-2.158645690953946428e-01
-5.218850098170346730e-01
-7.895304953218484911e-02
-2.675854051116912657e-01
3.660606435753019916e-01
5.061265176404594612e-01
8.771281251203295604e-01
-3.694762105575859490e-01
7.105161004205048370e-01
3.333517315833955941e-01
9.098501757431047832e-01
-3.984072682708651447e-01
-1.803496795321193336e-01
-1.161136965750232675e-01
3.091369089776314638e-01
