-3.431904665363110229e-01
-4.621766741488424479e-01
8.471233755622633588e-01
-1.621747149224650464e-02
-6.181649862098708148e-01
-1.619458303614300654e-01
-2.488725142064751594e-02
3.749242766009963646e-01
7.851886855639795826e-01
-2.904125954481520111e-01
9.497345982002831644e-01
-2.015212777042676429e-01
-5.231800091351765936e-01
5.030291685833465642e-01
-8.506014127919627743e-01
-6.334287556114872597e-01
9.890945897949454668e-02
2.535825274947838270e-01
-4.311758350034344822e-02
3.100602969518773122e-02
4.808862787796990279e-01
8.188134545661540642e-02
9.774628135368070847e-01
-4.287386235715695548e-02
-3.062794005549738241e-01
-3.185534079543588248e-01
4.476645061220672073e-01
-2.547069549197538141e-01
8.931741263615609050e-01
-7.299061999786906618e-01
7.840824483903545694e-01
-2.643433794250835689e-01
7.134240558712441338e-01
1.596177512223015960e-01
9.298191709450200904e-01
-7.449183522943099156e-01
9.362330392863129624e-01
-7.575453489779784277e-01
-9.043822362631621647e-01
1.607369162955021302e-01
9.615165985818687755e-01
1.071158783655432822e+00
-5.962284272397595508e-01
-1.709014045577543772e-01
3.131540616655741349e-01
5.312762045606880257e-01
4.884069105189126070e-01
-2.127161046139418588e-01
-3.073755008758842777e-01
9.564069082297423918e-01
-9.340172751708260002e-01
-6.834910655874333330e-01
6.530561908236802715e-01
8.072224602853630415e-01
4.051505172601654881e-01
-2.438285375353110851e-01
1.752891865587378195e-01
-3.664812041055016678e-01
-3.328085404160910921e-01
-7.949239408267680940e-01
-4.058319419106208858e-01
2.660771987808312478e-01
-7.049999067580470236e-01
4.649618047834283008e-01
-5.839123805163142222e-01
-2.365655741605254825e-02
9.621001505040946977e-01
-2.575382553948211140e-01
9.548387889002754036e-01
1.364436231077201800e-01
-9.887580574981631454e-01
-8.539515109227200362e-01
1.508422343159121493e-01
-8.774148293826757872e-01
-8.875705974841849866e-01
3.739606595200255512e-01
-7.555836503918331726e-01
-6.199432314552224543e-01
-1.312899805605396431e-01
-7.540500886486969367e-01
-4.234477819512922903e-01
-4.752836199522079141e-01
-2.139574645909561035e-01
-2.080306146735273753e-01
-4.443447613611404279e-01
2.743614502708739966e-01
8.354390539515483827e-01
-4.522395884513696895e-01
3.253197404863767961e-01
1.338041116493182692e-02
4.678004744375015012e-01
-8.489220198714597654e-01
5.593674380688138381e-01
6.025892210270729077e-01
7.227838823276999669e-02
-6.511972329475694821e-01
-8.289761630373095880e-01
-5.166463395006324344e-01
4.762949031395051769e-01
1.402949963999979843e-01
-1.114279599487873806e+00
-7.856089119452924763e-02
-9.065360758880323111e-01
-6.324351593886052836e-01
4.107223243761572995e-01
5.795276358877679002e-01
2.133649871522533270e-01
-2.327744949700250032e-01
6.878934983618767429e-01
-8.132719578905129865e-01
-8.960242506701188159e-01
-9.627428209180233232e-01
-7.946210966578881596e-03
5.982461393733418120e-01
1.480638943400023333e-01
5.629108353569447498e-01
5.682800993144168089e-01
6.350929701256087245e-01
-1.409988298146495345e-01
9.395451955692391000e-02
-8.571643032291651476e-01
-4.731289168769673426e-01
5.633523039509724661e-01
3.734951110848523381e-01
-3.356570648481571606e-01
1.243245057631364281e+00
9.707387735743456814e-01
6.856939479636843249e-01
-5.814148896925631915e-02
6.243627194935674751e-01
5.582248726099632297e-01
8.526163733531668676e-01
5.471191576724616645e-01
8.584461012811910319e-01
-9.054641134009362435e-01
-8.639275769186338660e-01
6.449974733279728589e-02
4.039387077300038431e-01
7.521344741763644759e-01
5.485769935798467944e-01
6.577384884042047908e-01
3.803470770389592026e-01
5.710364528752138735e-01
-1.675147811379900098e-01
-3.314980549031008028e-01
3.726886895758731999e-01
9.429335465273589456e-01
-7.438809587356198794e-01
8.830246934565619821e-01
-3.508957591604169313e-01
3.163137693228761371e-01
2.036991344946037508e-01
-1.464199592243349279e-01
-2.146840152272606606e-01
4.334072588205546417e-01
-2.705532256504541433e-01
-7.078829192634958911e-01
-5.533017792953676128e-02
-4.588398159579878399e-01
9.427352676679179311e-02
8.860118360011659533e-03
-1.896643008367606686e-01
2.037164187849953567e-01
-4.640722799150387434e-01
9.776105865490365421e-01
6.160299560316231382e-01
-8.617314200137589086e-01
-2.529288343576334697e-01
3.783808744855798878e-02
-2.798227856637984790e-01
-2.758567284538819830e-01
-4.327469970024111490e-01
5.692936844045188849e-01
4.290340780422294831e-01
5.894196268587474918e-01
-2.187905687951963163e-01
7.584721828140494893e-01
3.643584004188704650e-01
