3.468176579595821374e-01
-1.662230218952878147e-01
8.202478086291271620e-01
1.235430269812294313e-01
5.978217130381493494e-01
-1.412765746844494574e-01
8.536809736404333826e-01
2.333846383953075421e-01
6.290281883192585521e-01
7.478093121663385023e-01
6.175754018436596660e-02
-3.422668030538476014e-01
-2.470143773501457807e-01
3.979902104544468244e-01
-2.895225801337780180e-01
7.376296681986408421e-01
-7.486804827439161869e-01
-4.694368538103410593e-02
-8.064931479450523355e-01
8.767530227320596836e-02
-8.072369162320027769e-01
-3.348593424987076350e-01
-8.615660390641195487e-01
2.880070809761778872e-01
-1.060397295672901752e+00
6.739510218501945094e-01
-6.082842635058194336e-01
-9.792424000509385440e-01
6.590188995064154565e-01
4.372138751453615857e-01
-6.621850811616225574e-01
-8.681184799816616948e-01
4.381815735793046507e-01
-9.087973468397432253e-01
3.366723684255328308e-01
1.338218520693708058e-01
1.038695114992986834e-01
4.668776890975412375e-01
-6.686824175945298432e-01
-8.543556019102984678e-01
-4.963156906779180311e-01
6.580259869443263465e-01
8.283392229105241977e-01
-7.700549271431440523e-01
9.822098408044246387e-01
6.220141313696956331e-01
1.871986578360151920e-01
4.973955142222543646e-01
6.454826592843609934e-01
-5.690293535772106281e-02
2.376753888984073360e-01
-9.812890244250027649e-01
1.099125156036022677e-01
-8.506707150777806925e-01
3.712246623005950319e-01
-4.801571180177444109e-01
8.538709456483197791e-01
5.649348131977478538e-01
7.473012616162875155e-01
2.501797283240714265e-01
3.197253422521413313e-01
-3.460192803414643414e-01
-5.428236947793299016e-01
1.958532483384574086e-01
-8.810901349827560125e-02
-5.233024566377584286e-01
6.425533047625329175e-01
-1.669815252871413858e-01
-3.393548487915651890e-01
6.261794814478971460e-02
-4.573572295318331093e-01
-1.149956505172986532e-01
-2.054662184182225459e-01
5.520401492884359218e-01
-5.147888525527604120e-01
7.250406483334810304e-01
4.593381244849266132e-01
5.511236610116767576e-01
2.963666449574475781e-01
4.254915283210995991e-01
8.079766773728835894e-01
4.996583936017406913e-02
6.747034530880953174e-01
9.038660871428405574e-01
1.829607512239501688e-01
6.155594832650601589e-03
4.363076207632083925e-01
-9.138691435769663585e-02
-7.394984171550553764e-01
5.852727413445718563e-01
8.133933824407135749e-01
-5.290472066123474981e-01
3.888958629022774005e-01
-6.854502710996741577e-01
-5.474680749451772410e-01
2.830753965759496005e-01
3.806785785856696691e-01
-2.264714630846373922e-01
6.177129609428269053e-01
-2.371970705286066128e-01
6.807293388670736523e-01
2.005214650130437981e-02
-1.255021780706875312e-01
6.991818195960139981e-01
3.038653413535472581e-01
4.323476053684582876e-01
-1.168828396212095999e-01
4.807860648871840059e-01
-1.879108659133210679e-03
-4.991020843482576463e-01
-2.478325334236686217e-02
-9.495986784781418333e-01
-5.816562024682581100e-01
-9.733040037980897896e-01
8.206312808912517021e-01
3.019286079533078926e-01
9.944738684555332053e-01
2.862193460522735045e-01
-3.484314314559089354e-04
-9.808091128059166497e-01
-8.905572912090049531e-01
-6.898428797852085292e-01
-9.879317406925576250e-01
1.632428093623987664e-01
-1.432445418673920223e-01
6.714351766054000858e-01
-2.098299281544264705e-01
-5.864891266447336271e-02
-8.975332387000092282e-01
-2.468264188785660451e-01
3.403617955323576805e-01
6.630999689332839342e-01
2.195665065220375745e-01
-1.058177890844369529e-01
9.531686610554523931e-02
5.124053783028206244e-01
-1.323119298392710641e-01
3.686834475705684788e-01
1.086646932685171318e-01
1.282665936434634890e-01
-7.689538692652240215e-01
-6.214982809800184693e-01
7.032202683868886695e-01
4.284435165024813585e-02
1.131502233035592830e-01
-6.599743571047663737e-01
3.057740136397901765e-02
5.844892729878226056e-01
8.795965974675352683e-01
2.134861653043276242e-01
3.927739540470274182e-01
8.591834469106571781e-01
7.665530295783067327e-01
5.113078604786458481e-01
9.032335459734375238e-01
3.027904865384973832e-01
3.746971262263000813e-01
8.062389129886970984e-01
-6.443198284086033567e-01
5.564060899697345075e-01
-4.961727791016956601e-01
8.807759656918936475e-01
-1.152369284386517645e+00
2.520584279245761117e-01
9.687322674215126384e-02
1.949808330252462696e-01
7.198060356368873869e-02
-4.849638573973829025e-01
-1.004810214681405744e+00
3.321923478904287297e-01
-6.901607094102357731e-01
-4.218204967527117155e-01
-7.680439895759447744e-01
-4.643128292625159914e-01
1.373311604006965947e-01
8.668043529344902076e-01
-9.487151284665054085e-01
-7.434586520030355139e-01
