-6.441457665730878634e-01
5.057941998617414558e-01
-3.406675441034132668e-01
-8.255256534954293901e-01
1.726769094682500949e-01
-6.884679309423766824e-01
-6.012325312404485089e-01
-1.675932586614223840e-01
-4.938465116992345472e-01
2.457987658159277444e-01
9.404608732045099950e-01
1.938791192322406598e-01
9.529708632564313220e-01
-4.895909584015523119e-01
-1.515735897068593019e-02
-4.081115555134451345e-01
-2.269505665092146351e-01
-3.862978942351371625e-01
-5.074514606734337185e-01
7.082296017963214396e-01
6.106716537938237099e-01
1.480157049030099703e-01
5.325409173720461187e-01
-7.386699879823008796e-01
-6.073412145185066446e-01
-5.767612330840632406e-01
-2.683702870604931512e-01
-7.276075498548677523e-01
2.870782646011627026e-01
7.529446060084774572e-01
-8.782283963874473187e-01
-5.413505314470312690e-02
-2.927762752849316641e-01
-5.278617818518716032e-01
-6.470564562196263747e-01
8.816974318068011574e-01
-1.593644138832186474e-01
-3.112259317323382568e-01
9.408831557934893564e-01
9.497856677923777191e-01
8.453943997503010621e-02
3.320751508452726153e-01
6.574265135372210356e-01
2.254377291897815550e-01
8.206667630932260593e-01
-9.480380795124552229e-01
2.832507618883723932e-01
-5.988168838599692290e-01
-3.139560819332221087e-01
5.727096261149915435e-01
5.358486311220083120e-01
3.938262504556067078e-02
8.503623877694199695e-01
-8.462502664509521377e-01
8.365970313280959303e-01
-1.249908365382681463e-01
3.390986860178388795e-01
-7.746096006341869344e-01
-3.984830508925925052e-01
-1.433919196524122697e-01
3.953599907089451193e-01
-5.244248780957747602e-01
-5.868322092875384310e-01
8.521403392840305457e-01
2.312406080518680795e-01
-8.296110125395097512e-01
-7.466408624191633869e-02
5.270687072344195645e-01
-7.748658074838135068e-01
-4.194526731481842408e-01
-6.285671817379858695e-01
4.335503583774855674e-01
-8.269453603404559594e-01
-8.814144627337352489e-01
-8.670106621737199148e-01
5.221812539983372581e-01
5.655965232437782930e-01
-8.192505203551685433e-01
-8.228513610779393250e-01
5.874052766263933023e-01
8.750196669921470605e-01
5.305364044632394638e-01
9.611738674192480403e-01
-2.145930407868863465e-01
9.269444365848842349e-01
5.940687815075096356e-01
6.400360952691457328e-01
-3.544739108498884406e-01
-9.971214692026475479e-01
8.771253262704330478e-01
-2.071591155760446057e-01
1.688925791890349970e-01
-5.724713696568661803e-02
-2.846528413454043616e-01
-7.715438747921694596e-01
3.405933417595483625e-01
3.475914381612437154e-01
-8.462242672353761375e-01
-4.537293922252221279e-01
6.246336059182060474e-01
-2.008048797555068155e-01
-2.322322870851882826e-01
-5.392000370519669517e-01
3.030770962466089458e-01
-7.915602051026322528e-01
4.542393880703394782e-01
4.132236373827402609e-01
9.917274648407614634e-02
-3.570595359138113434e-01
2.950038208433780618e-02
-4.746478506887217286e-01
8.642522012663373943e-01
-2.551992734345813196e-01
7.546060947844999145e-01
9.474687095013463178e-01
-1.537022105453293985e-01
2.735489127027093126e-01
2.593295938349496899e-01
7.950866366696729415e-01
9.057643463562248254e-01
-1.391893245043844818e-01
-8.607336085538819237e-01
-5.731397748070248266e-01
1.051662302000074822e-01
6.310442448724029596e-01
2.271094793343180485e-01
-1.412125298065292078e-02
-8.748812003131516413e-01
7.323865996322242999e-01
-3.083886866328047205e-01
-1.853877389843696655e-01
5.173353000560181325e-01
-8.117593199358674738e-01
1.066754460114720526e-01
2.355999883662369676e-01
-6.255710095586697328e-02
-3.397311505995159742e-02
-9.823122202675853565e-01
8.643180069459273085e-01
5.119607870646265546e-01
-5.927760920321148985e-01
9.174564416486363783e-02
-8.842531077500777048e-01
4.098690188205260654e-01
-8.618170088630119352e-01
-7.158240244384916906e-01
-7.564484777037552288e-01
7.146068604060196172e-02
-3.367079324048889433e-01
-6.430445790365868497e-02
-7.123661551908504475e-01
5.434122662539333515e-01
-8.031175321274011680e-02
7.392126101082052703e-01
9.216979453358158381e-01
8.827280920086144622e-01
4.146521623833476777e-01
-2.209610308742756546e-01
7.349661801807465533e-01
-3.310624565563666799e-01
-6.030484402853359960e-01
4.828718071541837631e-03
-9.158856830775721214e-01
-8.286139996504047200e-01
4.736410165219220314e-01
8.895361107031205528e-01
-9.622129366100586889e-01
7.605158230577977463e-01
-4.184646716289400770e-01
2.942221323078197948e-02
2.606771528950992955e-01
8.640915521711884928e-01
-5.601525889071456987e-01
-9.601838493734224933e-01
-5.949437295693016381e-02
-6.753820373736141303e-01
-8.072842383515466125e-01
5.846002851986749072e-01
