3.079377958966666995e-01
-8.939925489617168708e-01
9.721774997967618237e-01
-3.042843690029213288e-01
9.060668512746334891e-01
-4.653207155169947207e-01
2.318136515728235203e-01
5.529534569281890910e-01
3.666303186116796065e-01
8.785161632275810817e-01
4.657590792892352116e-01
4.863624523652928522e-01
9.498372046011553937e-01
6.964409014000689790e-01
1.216171199521953739e-01
1.134203912204823084e-01
-2.476951376084879364e-02
-3.003437458114250891e-01
4.359607930378306406e-01
7.094340801264924501e-01
8.089230143848231691e-01
-4.484868062989959547e-01
7.464397875048609521e-01
1.808469724205366003e-01
8.618663084076367831e-01
6.293995436746047112e-01
7.738747117909283713e-01
7.430575577430695855e-01
-5.913905420239005117e-01
6.358069553183374190e-01
-8.567562032497786362e-01
3.582795456796117328e-02
1.879040100875788433e-01
2.364651587785000508e-01
7.607960948842653615e-01
-8.436383577698098879e-01
5.318975876769415079e-01
2.651391423778000633e-01
1.804534494993987881e-01
-1.499448474919524710e-01
3.941386082467981389e-01
-9.979008682709320510e-01
-1.516575334692848442e-01
1.553819504083551184e-01
9.281830050128303533e-01
2.453582791922999107e-01
-1.370991112206463303e-01
-1.787101787311859979e-01
-8.959541451261388012e-02
-7.632547234941301495e-01
2.541711512749685875e-01
-2.804161501850983562e-01
-7.492466265546193771e-01
-5.280790198545293190e-01
6.955156033939778881e-01
9.074142597999323989e-01
9.780584501982074741e-01
7.472134096913061185e-01
-1.697799536002277954e-01
3.719050613336853939e-01
-2.261837850756491797e-01
2.662524600063016500e-01
1.848382579101157663e-01
-4.402109266008749078e-01
-8.440966029412819704e-01
-2.327273266631499082e-01
4.136379913092314009e-01
2.617686129472396317e-02
-1.744513691959537205e-02
-1.977407952688192694e-03
-5.785704602380763450e-01
7.842778071180187549e-01
-1.660007562999332720e-03
-2.499846075280642843e-02
-1.375257391253565942e-01
-9.619150849577264850e-01
2.481529673702437822e-01
-4.979058153066158177e-01
-7.749415041342302413e-01
-6.862960189777089770e-01
1.226305900434985219e-01
4.280996556460492375e-01
-8.633317484852987000e-01
2.742966845527903264e-01
6.689522673803018904e-01
-1.840536207573761907e-02
3.171571574791496317e-01
9.391026840445388935e-01
3.644981299535416941e-01
1.231030999739484155e-01
5.489182755645050094e-01
-6.512040272291024223e-01
1.814249302743904391e-01
9.012054869216183928e-01
6.764042177990376992e-01
-2.875792164940715878e-02
-4.248808308029901060e-01
-3.359895766628009373e-01
-4.949403879755525093e-01
-7.488556631498965999e-01
-6.889625083771846459e-01
-7.343393546097964908e-02
-3.259916093217539723e-01
-4.537736452661000897e-02
8.053037453045153171e-02
8.704128256218039983e-01
3.742830407012102123e-01
3.698879960623004948e-01
8.908557845027556543e-02
-8.702644842803131109e-01
-7.450194825182432368e-01
4.627597927214581741e-01
2.327260820546834807e-01
8.701222785780338143e-02
-7.303193222052515310e-01
-4.765629955314174548e-01
-9.382531487769807388e-01
-9.328824338630464785e-01
5.503838503826035122e-01
-2.904701806972644906e-01
-7.641035357787537841e-01
-5.306563125209434739e-01
7.354340546145112789e-01
1.141177871825473922e-01
-9.158540197367617264e-01
8.075286079508610104e-01
-8.100826285988589337e-01
6.307319739610057763e-01
-9.267921971366988032e-01
4.982929517886947046e-02
3.085447988469454117e-01
-1.755121649956152829e-01
-4.279350081159727370e-01
-7.169435085245752237e-01
7.005423721369212764e-01
4.201535651274590499e-01
-9.720067324764580796e-02
8.965494460892314832e-03
-9.388320171595698760e-02
-5.721495513977914449e-01
-5.152527593548739127e-02
-2.971625664856856197e-01
-5.034172030798256259e-01
6.791528213317303830e-01
6.033570657463156461e-01
5.994997254837468592e-01
-2.006743316859616044e-02
-4.985890565911756944e-01
8.629251496372638552e-01
8.776647297239179579e-01
-5.804062439635691018e-01
8.022468150900818884e-02
-7.948241156189244094e-01
2.189970175121080942e-02
9.436123928881201550e-01
2.353602022220702139e-02
2.087076553544886526e-01
-9.622782898973458732e-01
-6.878750336514933839e-01
5.178395428550457424e-01
-6.119155666551989725e-02
9.502667222957028592e-02
-5.500234414836373542e-01
-4.002077025528505416e-01
-5.319374281437940777e-01
-8.492876351442750771e-01
-9.888074861476843225e-01
-5.359840703439109344e-01
7.745706047037792530e-01
-6.785962872083732833e-01
-6.749350000645024661e-01
-4.372114441692571685e-01
-8.401918272723971626e-01
-2.945251714676659915e-01
-8.664032974317632529e-01
6.776925126448185566e-02
5.897556420611049788e-02
3.741312717744462724e-01
