5.939065148037008246e-01
-8.685005268469605522e-01
-5.944896984505969595e-01
-9.395649397287126892e-01
-7.776027235426155038e-01
-5.681485648662429888e-01
-1.727581355940532859e-02
7.104420983692771863e-02
6.564836199883055112e-01
-2.702212681304815844e-01
8.224648022777421019e-01
3.905346211202580520e-01
-3.308199690372568558e-01
6.480023692680247915e-01
5.456461892051491791e-01
3.585823435324291264e-01
-3.378441944199177538e-01
2.045605657677742606e-01
-4.132939886792625916e-01
-7.994586623821153815e-01
1.043057210006784530e+00
-9.007418680577052861e-01
3.310141080266302271e-01
-4.558878174136833383e-01
2.472339811542629828e-01
7.452127758574703664e-01
-8.485848452464199720e-01
4.188788754711527673e-01
-7.080260406285996400e-01
2.410772069352669078e-01
8.981942554197925865e-01
1.648842160973529314e-01
-4.389529566956722473e-01
-9.506475772942704072e-01
2.895422561318081733e-01
7.968529914824828975e-01
-4.132678965240146329e-01
-2.879567094378643333e-01
-3.167200785312660472e-01
-6.227316735372812051e-01
-1.139243808794025981e-01
5.144491777535400434e-01
-8.257195604587708182e-02
-3.215298137351707553e-01
-2.187340291343686793e-02
8.429470564042671477e-01
9.672768992872387006e-01
9.256665743839673777e-01
-4.041611991220355193e-01
2.110220975331296156e-01
8.741218958344716405e-01
1.974332593065515340e-01
-6.909462654022486827e-01
-2.689011433708443644e-01
6.696207166414851475e-01
-9.594073213339442407e-01
-7.533191980707165669e-02
-2.572326147321979395e-01
2.623133395206356244e-01
-3.513463894480344241e-01
9.075366228370758126e-01
-3.187244056316496099e-01
-5.936580971570348808e-03
8.704991342223995510e-01
7.194173909246943666e-01
-9.302714707470378652e-01
1.822338811643140488e-01
-8.152807116700901968e-01
5.205698862582257558e-01
-3.258764832649085896e-02
2.172086456611306282e-01
-2.758767474721404156e-01
7.798103697377349874e-01
8.211512190071614814e-01
8.305763270900434758e-01
5.436298172944964424e-01
-5.547792045014203755e-01
-4.308630020735115806e-03
8.900541825336143464e-01
-8.080438865944823412e-01
-9.028249076757288716e-01
6.919756661162224098e-02
-9.747199805118376137e-01
7.344090035788478632e-01
1.970869515783659764e-01
3.746363370117598013e-01
5.191627327067467323e-01
2.297188643219505444e-01
-9.413660251587276928e-01
3.329174722248429141e-02
1.111142463913161738e-01
-2.909040433904670486e-01
-4.442310660834702940e-01
3.408625562281430987e-02
1.389664697766348489e-01
6.420621285231074005e-01
5.317621159670460340e-01
1.920903832281628532e-01
-3.997776504682721832e-01
6.066871255344332692e-01
-3.466960237653071708e-01
1.678722027086765323e-01
-1.826089079208781385e-04
-5.189187985750578491e-01
4.750015449535449630e-01
7.018848646934960911e-01
6.163588486059718985e-01
7.898025377733923769e-01
-6.013147285230331374e-01
-5.059732302528565651e-01
7.094460818013192949e-02
5.843834124373568084e-01
6.884714578973423205e-01
-6.593809275068325260e-01
-5.408509718217875406e-01
8.395420596453655460e-01
8.776309712744790881e-01
-7.758326967382285222e-01
-5.204167909887278398e-01
7.447426632934396329e-01
1.124934954732870196e-02
-4.856739545915755851e-01
4.312919490371989184e-01
-7.733662682323922954e-01
9.575472495920163141e-01
3.045430617025075559e-01
-5.025805370091365187e-01
-4.193415155607049805e-02
5.791144222074460224e-01
-4.842891171594576605e-02
3.049931013799873636e-01
4.554037631486235749e-01
-4.433066062444210864e-01
-1.413391391226412885e-01
-1.429234715280671697e-01
9.395826026323887969e-01
2.573086532199678200e-01
-2.352557798311936121e-01
8.872777928424635530e-01
-5.536700649176506950e-02
-3.737305845541802896e-01
1.895390419872602372e-01
2.926796798061845895e-01
-7.796037855398585403e-01
1.468360973190936392e-01
2.692731803270389523e-01
-8.072363106683870804e-01
-5.686116140226143978e-01
9.684364223631876101e-01
3.028165717087378805e-01
9.917896587377543760e-01
5.484867485801523390e-01
-4.661411466141200943e-01
9.149214390452451440e-01
8.865059782502351382e-01
-5.028685981162868135e-01
3.049870153264169215e-01
-9.487112301855327168e-02
6.345492709014025623e-01
6.539804767204195901e-01
-6.142175384360113455e-01
-1.168467250493850917e+00
9.232852177104302616e-01
3.681742461729131666e-01
3.365663624843273638e-02
2.139636788022298841e-01
-9.142283214416786485e-01
-5.596858969970719411e-01
3.450542994080947334e-01
6.064257877159919818e-01
-6.559727749423647225e-01
5.487873899044166670e-01
-9.912215420267409538e-01
4.022625053356557734e-01
-4.831226437376294758e-01
-1.178543095430704124e-01
3.576279036542333589e-01
6.926703906089275442e-01
