6.625866348772360137e-01
-8.634545935637596425e-01
2.390810021260660889e-01
6.291827322439962344e-01
3.286093412615189724e-01
8.140218377243491066e-01
-7.848633875172916774e-01
-4.621671956426427474e-01
6.838832187440073707e-01
8.488695618492609896e-01
-6.341589661748292528e-01
-1.220590331578730314e-03
-1.974117670069213126e-01
8.783283924258795672e-01
-7.530354314589771114e-01
2.377312473498920387e-01
3.136995792199395172e-01
-6.330752178303744593e-02
-8.136754599211071248e-01
-4.086156782335932380e-01
8.287746713186789904e-01
1.685613644305541392e-01
-9.152294691728910525e-01
3.353751463102663255e-01
-6.646510991432246218e-01
-2.880543663876935501e-01
5.132425643716311825e-01
1.469988796826147137e-01
-3.534659653312446359e-01
4.077997766062635421e-01
-5.147289390743265969e-01
3.585320696967997378e-01
2.759801275860860326e-01
-6.911724433618466890e-01
-3.350113448976994590e-01
-8.185449802681632470e-01
8.821552710057947166e-01
9.427386846045926472e-01
7.667769646825894903e-02
6.383821911607789890e-01
-4.911126791642783651e-02
-7.415727108171576987e-02
-1.681366215049890922e-01
-1.366033961312302925e-01
6.440924033004236104e-01
-4.291902284956767843e-01
4.995681677168990475e-01
-7.615847424653423570e-01
2.066936731748181266e-01
-9.572593137724352275e-01
3.033043952265224164e-03
5.948813196961899585e-02
1.722520773342517408e-02
-8.796863120049800422e-01
6.927540238954861262e-01
-8.681904513085836328e-02
-2.750124293237128370e-01
-3.546238717593119816e-01
-6.123247895039549693e-01
-4.219267770703918341e-01
1.297966660730205390e-01
-5.983382208578000849e-01
2.417349769292755912e-01
-6.140590142555255593e-01
9.848959893808941768e-01
1.131339722318420726e-01
3.929435753072403337e-01
6.821234123794219784e-01
8.679112236197772390e-02
-8.306391237364953994e-01
6.385118963635549871e-01
-8.707238894585263012e-01
-9.749943630530819583e-01
1.502745533821341350e-01
-6.229887438740868699e-01
8.088636093247942860e-01
-2.009279124401945893e-01
-3.321373299682603975e-01
-2.225566240158738385e-01
5.664875111284009002e-01
-5.206601243648669719e-01
8.516175831584780198e-01
2.133397608020921599e-01
-8.466805021709957746e-01
6.212596599012314424e-01
4.058465119547240985e-01
-8.967193334816150330e-01
-3.327085687668502878e-01
4.036342835281239161e-01
-7.222263541884563764e-01
-5.211679673675906344e-02
5.638404050843726090e-01
-2.685139584729758777e-01
2.572048456345754630e-02
-4.662502555391550008e-01
2.569765496137423888e-01
-6.845182235045974561e-01
-4.971392471235518418e-01
7.856258705984535684e-01
5.046333393199189388e-01
6.631310657714433177e-01
8.993563103564901073e-01
5.158652437300261795e-01
2.960004546383045998e-01
-2.740689269635356862e-01
-2.389570774228748640e-01
-3.908042078249085449e-01
-4.623867080910435412e-01
-1.443096285125544664e-01
7.732526472442324827e-01
4.385214260652547935e-01
-8.115678538590069824e-01
-5.927881715454033085e-01
3.342232613789459794e-01
-6.285921977568256214e-01
-3.039253273157731527e-01
8.709992645656317034e-01
5.348835398675353403e-01
-5.888959087477807497e-01
3.828299988601817638e-01
-9.338587831069136147e-01
-6.152383339327611722e-01
9.986214106667024026e-01
-4.526611226649828179e-01
-3.898004373891243990e-01
9.107427737756672581e-01
1.751924325154101680e-01
-6.072704198878899895e-01
8.382285320494888836e-01
7.720404743162090355e-02
-7.711845579775800097e-01
5.843470749181838286e-01
-7.984492002869294502e-01
3.640706800960871181e-01
2.692901627024146816e-01
3.839503108872064363e-01
5.730460276299649269e-01
7.025332384468356839e-01
2.560918408905545895e-01
8.413269003068113427e-02
-4.909919942733131926e-01
9.852664783516147384e-01
-6.096908187459215700e-01
-7.052957105326129739e-01
-2.560487611411079723e-01
8.989639454947440100e-02
5.336154695646702084e-01
9.059206085236557460e-01
-5.683959129743934025e-01
-7.730914934840149577e-01
8.447230755270096481e-02
6.820019285855560831e-01
-9.413687362494218558e-01
-2.993623782959560220e-01
9.645664296478253519e-01
5.219800444824758134e-01
8.536338206278706320e-01
3.166034396481527402e-01
-5.515167527939102143e-01
5.496026059154890397e-01
-1.588505771607968686e-01
-1.886054599247040109e-01
-8.186087272192275055e-01
-4.983050080540905036e-01
4.012827652119863586e-01
7.882344475592240052e-01
1.940993852254593310e-01
-5.513774058115794574e-01
5.895634954691695295e-01
-1.829051111183872536e-01
-4.858528982090049020e-01
8.551350348176958160e-01
4.757878406996074450e-01
-4.373918300151373728e-01
-6.519959232873566712e-01
-4.083578670290619606e-01
-8.883463532248425665e-02
-7.725137923714404664e-01
