-2.741737521104761210e-01
-6.721171394971179325e-01
-9.361915431584266756e-01
-1.623197823611608470e-01
5.395544263545966057e-01
4.456856846371226588e-02
4.056021984170401495e-01
-3.987538981295684071e-01
-9.141183075010350656e-01
-6.308157314628426438e-01
-5.617190840796646434e-01
-8.775350813032365416e-01
-8.461317368729637245e-01
-9.102790782826020166e-01
-1.340452237068203711e-01
-4.235403275536546719e-01
9.145790144327353710e-01
5.182823044497451015e-01
-2.263345568698476029e-01
-3.026359132143874309e-01
-2.783791588583008902e-01
6.990308794318074170e-01
9.427797375441193672e-01
9.701342884261803245e-01
-9.205826326832347029e-01
9.595722325009898857e-01
-2.395167175637389345e-01
-9.761346359220548496e-01
-2.230057979879915830e-01
-6.921351763053684714e-02
4.212182955361076786e-02
-1.298789749431796814e-01
3.076489909877531126e-01
-6.843086802259676915e-01
-7.312291678543891837e-01
-9.080298482266302429e-01
-9.328167381122303148e-01
-5.200748988542547302e-02
6.992936949656183288e-01
5.734059663456658740e-01
1.455179892547020515e-02
-3.854281995480768330e-01
-7.919011814849774566e-05
4.779232647476105988e-01
-9.363235376464174031e-02
-6.263448636218691412e-01
-2.712463075583875227e-01
9.367186514131138342e-01
3.166487840321363656e-01
9.441720969502067629e-01
1.406022153841668398e-02
5.676067089520600017e-01
3.805751602642433173e-01
-3.987318474239560651e-01
3.947040384254700829e-01
5.861777251291624413e-01
-9.990783102856255482e-01
-1.581370396259096367e-01
-1.254597267708761343e-01
-9.666327291530252275e-02
-2.432681199297705987e-01
-6.496560448604069560e-01
-3.409064345467516244e-01
4.857904784279301058e-01
8.453210679750908785e-01
-2.790226422419772589e-02
-6.819113209481078020e-01
4.095806994623307773e-01
7.579020964782074987e-01
6.053977165056698695e-01
-7.781275075240376982e-01
4.836676646953435021e-01
-7.752194829349001726e-01
-7.985891644981408799e-01
8.708095095819103904e-01
-8.250033824682319050e-01
2.283887256383516640e-01
2.993775429035130387e-01
-1.545413136331670323e-01
-9.780202796366688212e-02
4.300314062446115582e-01
7.096619762077538418e-02
7.944391937105479418e-01
-7.717167411403160759e-01
5.721007199288496992e-01
-5.961394699446744827e-01
-4.471157153663225525e-01
7.087296149226938180e-01
7.031159800177504415e-01
-1.447529496983321895e-01
2.544306469331536480e-01
7.561389746115780852e-01
7.930223204455431052e-01
-5.820305030332384444e-01
-1.111085830977247557e-01
-8.489886542770948008e-01
6.054279458131306413e-02
1.966122825561458232e-01
-2.966608149685008300e-01
3.104909957863641878e-01
-1.059066035924320248e+00
-3.970972876774080396e-01
4.189646274024507733e-01
-7.550450341295797951e-01
-8.447828625622398890e-01
4.389915484596551565e-02
-7.758863569389897741e-01
3.187686187532113857e-01
-6.500763890573970638e-01
5.002741925445253202e-01
-4.283025361639769546e-01
6.119565064637457752e-01
