-8.758361118478843466e-01
1.866435640573982369e-02
2.435595138091273260e-01
-9.314672149508957943e-01
-7.735586532830589501e-01
7.412520557596868898e-02
-7.103237205089660833e-01
-4.227221948676174179e-02
-8.927054939533753952e-01
3.523123208913716553e-01
-5.783706846928082790e-02
-2.093067813221050066e-02
4.161219196455361313e-01
4.762546072269131514e-01
5.733502686335107956e-01
-3.858033911734048971e-01
-3.027800617252265347e-01
-2.033440374751560586e-01
6.064343536255059064e-01
-9.581451007174586199e-01
-4.496927968468047432e-01
8.316457986913894374e-01
-2.427932340701468572e-01
-3.295425531795783680e-01
-8.564468941460707807e-01
5.085849591765454480e-01
1.384848528607642848e-01
3.699514354798554283e-01
-1.245916374572071383e-01
-3.330201765892559784e-02
-2.245803732803475228e-02
4.200911115246064309e-01
-6.448879962597164894e-01
-8.019348209651051551e-01
-5.403598218714775747e-01
-8.202412311296809477e-01
4.639525781981104213e-01
5.932763435415064901e-01
-1.152081368987456500e-02
7.300211236338745024e-01
9.451306483936947611e-01
5.425563617305033670e-01
-9.119184772507005210e-01
-4.068737730761238236e-01
1.800876527210284461e-01
-7.543650766776213157e-01
5.893614908797848440e-01
8.012246204823521012e-01
-3.443768903160804307e-01
-7.588717384635792484e-01
-6.018208510193598926e-01
5.231415145324576077e-01
-2.704590673271958234e-01
9.603385337400418553e-01
-6.080032111937925254e-01
5.744735098413269458e-01
1.306126553934288115e-01
-1.842892924095442808e-01
3.121469926901494496e-01
7.989759279750077159e-01
2.462700460611686459e-01
7.956681122223474567e-02
1.207790499975305298e-01
7.838478797806947007e-01
5.510065624717923605e-01
5.954177859382219218e-01
4.756941736254731712e-01
-5.906180698452894173e-01
-4.824458286641384319e-01
-9.248853316013567749e-01
9.934106779269433751e-01
5.640828264302921724e-01
-2.219360744914127270e-01
8.417378322855866291e-01
-9.562828556863200991e-01
-2.878457973696606498e-01
-6.527031300355112808e-01
4.970298295355066731e-01
-8.095097465372753653e-01
3.897295401809388604e-01
-9.493173582759006912e-02
8.166381027466960152e-01
8.846058500021414250e-01
-5.677494137412737452e-01
8.324787901883143881e-01
-7.047269428905684752e-01
5.834650522830495678e-01
-8.766926614186187905e-02
9.573951535898941323e-01
-4.043206232208407247e-01
4.626907804369242427e-01
4.010142052695044868e-01
6.881583105898410047e-01
7.627026015175308871e-02
-4.723971058810538803e-01
4.965574753979580258e-01
8.286048527401002062e-01
2.658220352425229027e-01
-8.646067991828783050e-01
-9.309406951148297971e-01
9.429008872912134631e-01
-8.470906788930194775e-01
2.647641172289036948e-01
8.157764531212743364e-01
-2.702875705457707944e-02
-1.095539043493856113e-01
6.654777445119774981e-03
-6.813952201907036432e-01
-1.358774351608611486e-01
-9.087597605438506587e-01
-2.062932962700565476e-01
6.065521425517950149e-01
3.988679977651958808e-01
4.707202163638337655e-01
3.886537847811717405e-01
3.629295446137326131e-01
6.465380450193047857e-01
-4.792677097998914171e-01
-9.972869524870520141e-01
-3.560744744894133174e-01
-2.312005655270983340e-01
2.576014626049158984e-01
7.545774540453584756e-01
2.602418867290003934e-01
5.591563115928943617e-01
6.319030887258689777e-01
-5.028509939807623841e-01
-1.257799100862415642e-01
-3.605385756962329324e-01
-2.447835764708532480e-01
-6.234962317109609131e-01
7.676033351636528668e-01
6.969322990634716497e-01
8.427302246161114674e-01
-2.891534333593366313e-01
-4.893737195144369778e-01
4.814999453002166696e-01
8.891763873782942973e-01
1.938185368863185598e-01
-5.224258825136369744e-01
-5.540661486304323535e-01
5.872831939929528122e-01
8.503346116692482859e-01
-8.197465319417216456e-01
-3.346617171048642536e-01
1.503544069207096712e-01
2.999270413760883880e-01
1.138516079820168780e-01
7.055986372403930673e-01
-3.331763198626729316e-01
6.504976469923304805e-01
-7.003041030960950319e-01
-8.552860350436088943e-01
6.584428232978722928e-01
7.084058202267651261e-02
-9.621808150850541530e-02
-2.416496001980834585e-01
8.586736525048694890e-01
2.650331509875512026e-01
-3.139172884564762622e-01
-4.383147501437085758e-01
-1.168564836872088009e-01
-1.221397828785206752e-01
-9.184498222111503463e-01
4.112906358926526895e-01
-6.740303698095222451e-01
3.620692376509797583e-01
1.443621569999831156e-01
-9.058116856102045311e-01
-3.197789584058572387e-01
-3.807085511640575515e-01
-3.568788196709780092e-01
8.666725591536952322e-01
-7.773939650603665097e-01
6.115912176035269709e-01
-8.214904813307519760e-01
5.273833777565344327e-01
-3.386549751747591763e-02
