9.160346239041188277e-01
-8.738272584862993853e-01
-9.703582840766611373e-01
-4.450551570424801096e-01
1.837104957356725521e-01
6.143522052015679691e-01
-4.722755273270755616e-01
1.463259357931898652e-01
-6.664133386164617923e-01
2.604057857781727492e-02
-1.048590696428952640e-02
4.574418471723102897e-01
9.885240778868209510e-01
-2.223084747247772164e-01
1.313146328005145858e-01
-3.417467535739833195e-01
-2.709635346090910613e-01
7.527979552438679445e-01
4.073796177785355965e-01
9.135636894331342628e-01
3.716094351336034496e-01
8.773426130565706860e-01
8.797464265186154542e-01
-6.726488685488181130e-01
4.064669272534342515e-01
-4.634058764316602019e-01
-8.690721106988674727e-02
-2.479323784039957346e-01
-2.015712196382140053e-01
-7.691935855449845150e-01
-4.126979414653109135e-01
-4.928809801766331766e-02
-3.449113963318131137e-01
5.200183824860955539e-01
6.360843266324720524e-01
-3.813982176701233295e-02
-4.499861488758341022e-01
9.582088116620655072e-01
-7.452645474853534235e-01
-1.926168618142869438e-01
-5.628631798567487188e-01
5.942427965912473464e-01
-5.567239236906047495e-01
-6.423288208741274596e-01
-1.437316863076794071e-01
7.769139587964208893e-01
4.250655917619439172e-01
-7.475259149626333199e-01
-7.530627146643802394e-01
-9.977973845277821052e-01
-8.858412773335041512e-01
2.531449007905777204e-01
-7.435583412771176182e-01
-5.804993104633813239e-01
-7.433571573653379172e-01
-8.448894740469544695e-01
4.920434742310053622e-02
-1.591243393274930362e-01
5.692954579277527127e-01
6.966519574290725991e-01
2.189344042548573288e-01
-9.342667333307019817e-01
3.255451642403609513e-01
9.635625523814135285e-01
-4.896165532556064903e-01
7.094504041803969541e-01
1.656679712680373395e-01
9.442439021453437054e-01
2.430016740059445790e-01
6.492502163401454585e-01
4.449753802914619416e-01
-5.855923678014010036e-01
-3.241482030835574069e-01
3.826176998091368464e-01
-6.498853684476852965e-01
9.391339457953307157e-01
6.080318014750814015e-01
-3.340554059666298592e-01
2.640610318430625103e-01
1.253570809911556949e-01
8.464687232205281298e-02
-3.876748427010308085e-01
9.321283058267573196e-01
1.733127396752356386e-01
7.065521071006057863e-01
3.826133573654644238e-02
-9.546211912114879183e-01
7.767143963222666869e-01
4.974440033210472123e-01
1.400695562951114470e-01
1.213224221697706051e+00
7.630740315408124363e-01
-5.652541889271636144e-01
-2.665740988092633046e-01
1.422322791559724742e-01
-2.414749635803601358e-01
-7.386013992752699098e-01
-7.024261750970930418e-01
8.575856158683272668e-01
-4.942356178955702450e-01
-3.508558426522727647e-01
1.874975961092948396e-01
9.380055364289237030e-01
-6.905719174215059208e-01
6.032446986304424996e-01
3.077159399927065220e-02
-6.641257084719123238e-01
5.667715208453070197e-01
7.697953665751612329e-01
-7.650205480492746624e-01
-2.068768176616480048e-01
9.315459478064131993e-01
1.440851005194636603e-01
5.513623035006696149e-01
-3.270342548596034682e-01
6.728658928874051703e-01
6.526945521704461406e-01
7.935245182404411235e-01
-5.584325178186722027e-02
1.617634668274818832e-01
2.411863785699479568e-01
-8.730857474272770702e-01
-8.312166071446136506e-01
8.452901020624916661e-01
-2.349698594477005464e-01
-5.544728628383326363e-01
4.146287539232060837e-01
-9.321975830258932838e-01
7.904989623982563440e-01
3.969081215020753284e-02
-2.765108127689244188e-01
-6.082849789356616910e-01
-1.257349774596914216e-01
6.713141272921885339e-01
5.679727161774050792e-02
-1.143149142326456147e-01
9.795262199291974170e-01
8.211313738045811217e-01
-5.674013262543948777e-01
6.982065917854678450e-01
1.920759161395038106e-01
3.830816646942016845e-01
3.055416748783568170e-01
6.230208210542087510e-01
1.386106226882988235e-01
6.921736137129566035e-01
-1.196697544113756173e-01
8.545026331651921492e-01
-3.780006753468154734e-01
8.927539309219265640e-01
5.514912068733319739e-01
-2.638851941827662362e-01
-9.124875050767622398e-02
1.864351431603652465e-01
7.275879463841943284e-01
9.232435455895644516e-01
5.267735615291118112e-01
-3.871252441434127611e-01
-9.779322494621767170e-01
-2.579273834401620835e-01
5.637728466118108184e-01
4.716309162710377034e-01
5.638996834709975037e-01
-4.472392775506970342e-01
3.244023161398950084e-01
-4.677861272653369706e-01
9.251962778637650153e-01
-3.514698307281705070e-01
-7.845741441990277121e-01
-6.553509789478848546e-01
1.282769564900259063e-01
4.286449222417290095e-01
-7.602482569767254894e-01
-5.692863094494606813e-01
-8.022568809572880877e-01
-3.261248339337829982e-02
3.496700990390386732e-01
-2.689171390936762052e-02
