2.255235722929831432e-01
-2.745955541082478746e-03
-6.853396257780228762e-01
-3.993617441546630786e-01
-7.207124969763172295e-01
-2.024690089367926493e-01
5.339643399002964586e-01
-1.182228326758321124e-01
8.755283778181122134e-01
2.989257059918430937e-01
-2.993505029364547099e-01
-2.117558749587351574e-01
-4.348476037697108776e-01
-6.795659512689471438e-01
9.130339432529468446e-01
7.773375406505838026e-01
2.292596771920714094e-01
-6.312441239176587171e-01
-2.874246210013973180e-01
7.111957147423499936e-01
-8.830203445061741707e-01
-2.102557934613755730e-01
9.174385757436203104e-01
-8.225086634478657732e-01
2.876131210363732649e-01
-5.775353452004197141e-01
-5.867909547269583026e-01
-2.862542785131565459e-01
7.665089206622470730e-01
-8.291115438366345458e-01
8.314096283247167651e-01
-7.782085911059837269e-01
2.640010417856832881e-01
3.894193631386189125e-02
-7.361149589844333541e-01
3.567099625713154865e-02
8.754917547052769589e-01
-2.337438728125071918e-01
-6.055532778580448028e-01
2.517302593506072217e-01
-7.114353740515220181e-01
7.220654244651445453e-01
-9.131965354212188135e-01
2.594599806175170720e-01
4.200145558229562148e-02
9.874693122157021108e-01
4.672071979420011623e-01
2.053900172899079113e-01
-8.949095932947142007e-01
7.254853708083284225e-01
-4.862529052134489937e-02
4.695835191806234654e-01
-5.825947763591887707e-01
3.573244686991694508e-01
-7.141802765800275843e-02
-6.683860911163987950e-01
6.563049836380503432e-01
-6.540434828454568805e-01
2.938783826304620650e-01
9.715267072476658772e-01
-5.903265391662997352e-01
-1.873658085039937582e-01
2.323090562008012228e-02
-6.621726743275857530e-02
9.465550007585672443e-01
3.821641193568185990e-01
3.255405784011822234e-02
-3.054822801815311184e-01
-5.792600340171463191e-01
9.213137893615339635e-01
-7.676586475028939205e-01
-1.111012082457361050e-01
5.412802641693079675e-01
-5.423207587184708522e-02
-9.805433292263285860e-01
8.467476758050587193e-01
7.820857070192888116e-01
3.023741901940106835e-01
-2.815559231811262109e-01
-7.582547626451645595e-01
-9.571353128907524876e-01
8.590073857153135428e-02
8.606522900964341805e-01
7.750788301550834980e-01
-1.382829087251713496e-02
7.319041379255017965e-01
-2.747164301215789806e-01
-3.322644685413087551e-01
-8.785546347702992698e-01
6.059656040200389615e-01
8.203159728663171890e-01
-6.223886150474176038e-01
-3.854495778002815509e-01
5.849946464544475422e-01
6.578550863968024576e-01
-3.898236005893092049e-01
3.165156927668320019e-01
-2.510953256040626691e-02
-1.515339008783795904e-01
-8.748478022879173643e-01
-1.353468212538899706e-01
-1.546740529809764730e-02
-5.632080626150863800e-01
-6.091016976448493381e-02
-7.861942688278733549e-01
-8.305822477758413314e-01
-7.124964785537049039e-01
-1.004622800749819245e-01
8.940594777282833139e-01
7.353293822830637705e-01
8.464693600053649902e-01
8.305687756524093857e-01
4.952433488850684906e-01
-6.042411057131193974e-01
-1.702084916197077469e-02
7.652726909103442221e-01
1.147641526027800563e-01
-7.030524317250106403e-01
-4.104566175055168742e-01
-4.897330541315498831e-01
4.213738666050048653e-01
-1.965431378957442909e-01
-7.319245258493660700e-01
9.757749246365113871e-01
4.586237652853488722e-01
-8.362698130798484897e-01
-4.228386916086521730e-01
1.675935289344656631e-01
4.030522403397598374e-01
3.018717470734622044e-01
5.184201380434085848e-01
6.602954595172025876e-01
4.772256391902656159e-01
-2.412020544602073713e-01
1.894240882468634091e-01
-2.325979476627988429e-01
-8.246178635623069297e-02
-2.784720766493551380e-01
-2.621400471107726560e-02
-7.366768465852142622e-01
4.770222005642934526e-01
-8.729732825229701287e-01
1.589837817411066112e-01
-1.126052336303733359e-01
9.018921385238121147e-02
6.960443136978022860e-01
4.668168619137260666e-01
4.799797293524161734e-01
-8.917662831952615221e-01
-5.099331939279936332e-01
-6.930244975101429450e-01
9.204295000171134333e-01
7.299397523676700583e-01
5.272532397727955900e-01
1.344749463128014355e-04
6.263194330867123405e-01
8.987412878915781445e-01
-5.243739517979137954e-01
-5.354912610352355884e-01
4.419273945209891696e-01
-8.935262419569980352e-01
6.928294277687108149e-01
-2.589310499788293196e-01
-7.648788407164941461e-02
-5.635827718888808402e-01
-9.940329161444731998e-01
1.822094219149499317e-01
-6.615042505716934862e-01
-2.508886139652848346e-01
5.418266486829768080e-01
-1.373550754468233492e-01
5.421370182832221385e-01
6.759855223260493595e-01
-9.583707276569652933e-03
7.072399316456925433e-01
6.686780686205182622e-01
6.738688311755696159e-01
-5.711573371469162996e-01
