8.023694272639325664e-01
1.613059894689301554e-01
-4.197233617751192636e-01
-8.188381768602615018e-01
-4.491522758937915860e-01
8.015613993835952744e-01
-5.965942848256367004e-01
-9.756627815234868439e-01
-5.613025236291986353e-01
2.812255945625496967e-01
2.571212861060534483e-01
4.268230672057449215e-01
4.909269783994101299e-01
-2.913520087264021008e-01
6.554458073284650244e-01
-8.643655898352882172e-01
-2.415779767013150892e-01
-2.967442915121627500e-01
-6.961905451194505545e-02
-2.419522377533935842e-01
-5.344225465038507927e-01
-5.932796249341867334e-01
5.881159623604603759e-02
2.876996739103654388e-01
-2.028650894823180728e-02
7.364876157772828336e-01
3.607429926389289498e-01
3.694843026757723137e-01
-3.792013468724728664e-01
-3.206749444285410533e-01
2.593532399279168676e-01
2.344319641370709029e-01
-9.336578778809581092e-01
-6.636135110054510733e-01
-9.282112511252393894e-01
8.051183340057489479e-01
-2.770269377496581975e-01
-3.115385175959484165e-02
-4.896612019866457555e-01
-2.620577584710439556e-01
-1.213886929268458426e-01
-7.505748530051450373e-01
-9.178872526991523895e-01
-5.718424631550529380e-01
1.114896897759118932e-01
2.682561922680095634e-01
5.052893877573236825e-01
-1.241922401751481414e-01
-5.643226519461808088e-02
4.152553906955886998e-01
-2.201465703671125484e-01
-3.245745004015070379e-01
8.140438304799690883e-01
3.252881477538482891e-01
-4.171932481191688580e-01
-2.221623362373681410e-01
2.228061150956328618e-01
-8.701935275346608378e-01
7.917509179188655377e-01
-4.666019385482291781e-01
5.643541622982948258e-01
8.960733751709231143e-01
8.134184280456338012e-01
4.932926862727204931e-01
3.746964911553103406e-01
7.798106750130031628e-01
-8.106570480809640600e-01
-1.311762281026664922e-01
5.417283524969518371e-01
-7.267094101129023542e-03
-1.534346048778927329e-01
6.823482468990107463e-01
1.682312119136708528e-01
3.644968527031648975e-01
8.434048850383091267e-01
-2.398332725358907069e-01
9.159252704679401447e-01
-9.882069413810699032e-01
3.430833186135107127e-02
5.558682676607764606e-01
-2.941809678451410281e-01
4.958029520456230799e-02
-7.829802044574636355e-01
-6.827070950395841553e-01
-1.318393576233656272e-01
-6.040320664587435218e-01
2.472750516250818986e-01
9.455071050017416212e-02
-7.967933311460124735e-01
-8.064851188378763247e-02
-5.053179445452233853e-01
7.167404060491673334e-01
-9.450204915188862298e-01
9.340825486240269537e-01
9.736791889906379893e-01
6.186670142356094360e-01
-8.544477376569301619e-01
-2.023737921349972879e-01
3.609467588756376522e-01
-7.027868883085006679e-01
9.670889047917539116e-01
-7.272059572213775969e-01
-9.020077850977237244e-01
2.896460115093368870e-01
-2.242683284515709641e-01
-5.763796608257070186e-01
1.061206720734593212e-01
-9.956289164258369517e-02
-5.184373028688586960e-01
4.830052560625306413e-01
8.294716329187514781e-01
5.750960525314297023e-01
-1.264589548520311801e-02
-4.544714578165167662e-01
4.369169862870225796e-01
-9.163911803497939434e-01
4.251160156451929684e-01
7.931600729950394335e-01
-1.015977959759095661e-01
-7.616725893742137821e-02
-7.177839625308959359e-01
8.960372387210520095e-01
-6.271114519696434630e-01
7.165540664116598624e-01
-5.342018202245353287e-01
-2.980651761312855808e-01
-7.171699056170486308e-01
7.303266108169519377e-01
2.678147040882132845e-01
-2.064490592068441988e-01
-7.627201965301368958e-01
5.407979007937195881e-01
-4.938527448088447791e-01
6.354907211202589501e-01
-6.237364918290950744e-01
7.782050951914387671e-01
-3.021899765161499829e-01
-9.155186944036848296e-01
-7.345229612495576266e-01
-1.046014773686236854e-01
3.822710393269495022e-01
-3.688325219431229929e-01
-5.573610865500220335e-01
-7.387760906861995380e-02
-1.333274760702618522e-01
7.230419700085097823e-01
-5.741725335609235703e-01
-3.836691576631832135e-01
-4.324355139074023135e-01
9.036286290878312588e-01
-3.221732813578204180e-02
8.937179798776508921e-01
4.792918429828902926e-01
-8.199316044753892641e-01
9.809225383400081988e-01
2.105402108970111374e-01
-3.327815915484135800e-01
1.324440187819901915e-01
1.501370074533192600e-01
-3.740521398124914132e-01
-4.300419647204041240e-01
1.752299386353066701e-01
7.592323390971267294e-02
-3.272516004034220494e-02
7.230743016087888275e-01
7.761139473306033487e-02
2.860629921734293424e-01
-2.475684836508307285e-02
-6.050363030423484556e-01
-2.287468671582597590e-01
-3.615639551048954736e-01
-5.841952480452190510e-01
-9.300501230399385033e-01
-2.098056725470329731e-01
-7.985285746492236658e-01
-8.656784813834128567e-01
2.940380951284835565e-01
-3.545125362886449860e-01
