-3.534574726179215975e-01
-3.605144971285627609e-01
-3.517122639068359646e-02
-4.014856539407158920e-01
7.233986812713064651e-01
-6.874729403072334932e-01
4.294123474431870147e-01
4.702199931312436298e-01
3.072146759000424776e-01
-2.108271374350789706e-01
7.711373258712346246e-01
-2.216982123258761650e-01
-3.443283241917558524e-01
7.844571633587353876e-01
-9.326965534487687837e-01
-3.817490346425351788e-01
-5.015881934264974085e-01
4.812986988891734264e-01
3.296987096055739030e-01
7.956831886665749476e-01
1.054501513452152262e+00
-6.794465348338003530e-01
-4.225847128742326042e-01
-6.762413267831219876e-01
4.742104172808452311e-01
-4.818565009824238299e-01
6.011793084894740957e-01
1.595660708075399281e-01
4.136291150192510369e-01
5.094496023808665619e-01
9.553186897624670326e-01
8.418456757346979291e-01
-2.264602536621231899e-01
5.937997996596395822e-01
6.820650097944020995e-01
1.076240092518498948e-01
-7.126429275866779101e-01
8.444761328057401872e-01
8.479299311596057986e-01
-3.232882476975269537e-01
-4.420331049225298958e-01
-4.947120393538151362e-01
-3.928329481217456287e-01
-1.972281782158404051e-02
2.272917038691968372e-01
-5.065679562354292731e-01
2.561916439060618611e-01
8.145419865497949274e-01
7.003938590650651275e-01
-4.808014128027466860e-01
2.900301880996265513e-01
9.893614151581264782e-01
6.953281591893241131e-01
-8.744985398922286990e-01
3.976657009494664052e-01
6.828940183178449086e-01
2.756806206030277817e-01
7.286986867598947981e-01
4.123737425143279012e-01
9.059284543611645368e-01
-3.324351160989628684e-01
-7.220793601021791019e-01
8.652189767926039554e-01
7.055639170117533610e-01
7.188823395899990309e-01
5.649573718692471047e-01
1.462666143147589581e-01
-3.453429041233624375e-02
-2.404586084477875474e-01
-9.960294374530982431e-01
-9.214512647117820698e-01
9.655591979329583019e-01
2.182610427969033928e-02
3.674826747189758880e-01
8.695539906156521948e-01
-5.268956056485420980e-01
5.710595689815445297e-02
1.848151936725810351e-01
2.224385236607479555e-01
6.444069626767143788e-01
8.150912371153247182e-01
3.641242416590999564e-01
7.044270964630860998e-01
6.003067573210476571e-01
9.384892926850803008e-01
-8.934514674891744779e-01
5.533098917899017533e-01
4.763244055674231703e-02
7.287092186891372947e-01
2.538264608140812228e-01
8.053506880197920381e-01
-2.270384575064732235e-01
-6.753835063904380931e-01
6.324505125259052285e-01
9.685497678197164673e-01
-9.373490927846475085e-01
-8.192170154874809374e-01
-1.309148207597052860e-01
4.349716691453424655e-01
-7.773949988989505844e-01
7.628448478771634456e-01
-1.611072417465064799e-01
-3.715358733266345137e-01
-4.630507792489635399e-01
-3.965894885039508155e-01
-2.760445348698521428e-01
-8.692764584588701382e-01
3.413207122896115830e-01
-3.948644628465101114e-01
6.550257209643208789e-01
-7.827955559031432031e-01
-2.842771704733904059e-02
