-5.811237023219122388e-01
-6.430456456345348126e-01
3.788094024752222122e-01
5.809395634708283129e-01
-1.098590676198166305e+00
-5.245663239831738212e-01
8.818503265356243404e-01
6.230906472056718659e-01
-5.710135819159869452e-01
3.227423589157940587e-01
7.466222064132550518e-01
-7.712972477610822164e-01
3.162072817759753462e-01
6.022814957333300079e-02
1.557892552228814509e-01
4.591634445470365589e-01
-8.974897444622041975e-01
-8.095157354794735305e-02
-9.355454659582975729e-01
2.045282639259040636e-01
4.145090202240111488e-01
2.654377450441023911e-01
9.167464890590317772e-01
8.880642314373885515e-01
2.839028422364637816e-01
3.571835351637977496e-01
1.349833999334872914e-01
-7.501736674185093268e-01
3.373217608707406168e-01
-8.441190662838593539e-01
-5.756786818879081613e-01
-7.863522163076606120e-01
3.506173473749050196e-01
-7.206341982136619251e-01
8.167804410339734034e-01
1.293560098751045384e-01
1.131470714899413671e-02
-5.738318928452104117e-01
3.659292635240640190e-01
3.059228923434977876e-01
2.430572986740211494e-01
1.834188745291369660e-01
-6.112679740690465380e-01
-7.147677244899111049e-01
4.283994277382618954e-02
-6.866325500795866787e-02
7.760256872580320042e-01
4.801786557121373589e-02
4.183061931119538279e-01
2.935985379826202557e-01
-7.836254454887088272e-01
-4.991379883802011808e-01
-9.305052798073809583e-02
-2.335788101240974246e-01
6.961966605440303990e-01
8.636350403118464580e-01
-1.380781088155118574e-01
-4.468831409127127507e-01
7.354856931455084901e-01
2.720771526565755050e-01
-7.656642023944664199e-01
-6.593879639574273810e-01
6.688410207047311706e-01
-8.592313421670620954e-01
9.421562537712102614e-01
1.053330461389001549e-01
1.655829389227823079e-01
-2.930737212833597893e-02
3.942139493482639256e-01
1.889330040854149129e-01
-9.440356873411692717e-01
-5.059673870069498758e-01
6.880504591376757073e-01
-1.724295778006834645e-02
-3.721143657481149614e-01
-6.268127256356289534e-01
9.721361313370331381e-01
-1.267429838173685930e-01
-7.064631596487689347e-01
4.585050826690968417e-01
5.312523308654527598e-01
-9.556700376117519546e-01
-5.545539892702169293e-01
5.850051577432464622e-01
9.711007165561817978e-01
-1.119975163698554432e-01
-3.820803926718272514e-01
-4.386991546458482993e-01
6.158951668914662836e-01
7.330400098925680119e-01
1.930902848188589260e-01
3.093092716098642114e-01
6.677946845273294851e-01
-7.553414274743768253e-01
2.116979275858539289e-01
-7.615044040232177291e-01
-5.575047909306773963e-01
-8.431343796105053023e-01
3.798372924318895727e-01
-4.920094702392447950e-01
5.798626224840355281e-01
-3.394060598586736699e-01
7.568191464596376594e-01
-7.602981385372702405e-01
3.479757051486349617e-01
9.171477410241135608e-01
-1.693537672419511697e-01
2.968514424468819968e-01
3.397016493594726683e-01
7.573598719725027628e-01
-2.946366748384754430e-02
9.897710983589349532e-01
7.883645349301793281e-02
7.081396610822308091e-01
9.892739760739464039e-01
9.662817984155034345e-01
-6.955064922177347508e-01
-7.155768298527422910e-01
-2.095714083766022640e-01
1.310122619721745263e-01
5.365232435109783538e-01
7.139555672360906602e-01
8.899596093574110300e-01
-1.840591137774564845e-01
-7.105401677852607456e-01
-6.147537075859921263e-01
4.793923689948647038e-01
-7.452032800682277802e-01
-4.057244119553897743e-01
9.832148136873521960e-01
-8.499837680953701291e-01
7.207432716015351737e-01
9.335323299741111747e-01
8.546256563200169687e-01
-8.503162909915986667e-01
2.527337363476838128e-01
5.425745783787487841e-01
-2.177847375928976259e-01
-6.613534102931590830e-01
-4.115461044662114265e-01
4.467867625440342660e-01
-5.248742677516922139e-01
5.664568317987603852e-01
-1.572835061480055696e-01
2.765203153846833573e-01
-6.332373189302438199e-01
5.766159900061025301e-01
-2.208188037439793305e-01
4.584405704639300527e-01
-2.451189767044037460e-01
2.551347063858437902e-01
7.494469076810363894e-01
-3.523784307675283944e-01
3.539100197826532956e-01
-7.557483372619872020e-02
6.998690674251231147e-01
-5.331023214564007962e-01
5.149755517590987042e-01
9.671046931131777047e-01
4.603748789722201251e-01
-5.661406423993964321e-01
-2.521071571118036481e-01
-5.086242599207220216e-01
-2.078826722545785710e-01
-5.540104857804242222e-01
5.425367394903828355e-01
7.531608154811396671e-01
-4.015852163548372378e-01
-3.086153196914224184e-01
1.015873473274159000e+00
7.100336175749566436e-03
-5.401618110395889349e-01
