-3.112104848483685515e-01
-4.024388723929781531e-01
3.990687645526675986e-01
-9.645108090653009558e-01
3.086395118848972441e-01
2.826612719883818681e-01
2.579262046677817111e-01
1.486367759274274114e-01
9.553572101539047345e-01
-2.351441319745206648e-01
2.124000641404000245e-01
4.692596548095127051e-01
-5.225061486107080988e-01
-5.745155508033341629e-01
2.128840029544309953e-01
9.220625954458072648e-01
-8.054261091042727028e-01
7.000625450577211417e-01
-8.842420825132926154e-01
5.919184254623097718e-01
-4.785679778624896130e-02
9.571253790789717719e-01
-8.759294595499987901e-01
6.770343120489810129e-01
2.855606672566612936e-02
-9.343621092144667184e-01
9.820667924827217732e-01
7.597530029113090944e-01
-7.623813374843557700e-01
-6.536733827863254742e-01
8.641377305185542479e-01
-6.927446039600293481e-01
-6.023275246328640975e-01
-5.108302718865007641e-01
6.159865854589532397e-01
2.306066878864860836e-01
9.915344825655791894e-01
8.391168919889118172e-01
8.494217609037684191e-01
6.181437043175774804e-02
-1.027366022649380817e-01
2.557919899138139108e-02
-5.173427542124657830e-01
9.679249976692338997e-02
6.960263791646422726e-01
-3.331854619610941093e-01
-3.396485852262529637e-01
-1.195511535758069899e+00
3.529950240014543272e-01
7.249366673697688057e-03
-1.875948716893847956e-01
-6.037179666357495034e-01
-2.729759399184828461e-01
4.601686394456751539e-01
1.162279941421994200e-01
2.771647888894550604e-01
2.670416474646648552e-01
-1.187634478558354661e-02
-6.368502273572496097e-01
2.241064978198859248e-01
9.539318236350771141e-01
-3.683298388277489455e-01
8.078355358475448611e-01
-5.109731278007085820e-01
-6.957265523248965522e-01
-9.741109495200472868e-01
9.735711852689923340e-01
2.655751017818450133e-01
3.057158664727369080e-01
-2.900992575192156142e-01
-5.792166210028848461e-01
-2.819086494472105020e-01
-5.091373102197367384e-01
-1.072141819186027689e-01
-1.800569062106034401e-01
-5.999227239978379700e-01
4.498308540605904238e-01
5.808142908638662671e-01
-2.389484695688048888e-01
-4.010713601554936059e-01
6.130743267682570163e-02
4.129007682800320822e-01
-7.743633491859884810e-01
2.167728505830563979e-01
-4.871476055896617474e-01
-7.579605724773483821e-01
3.117875414139132939e-01
2.279348945347530186e-01
-7.729069107148833773e-01
1.727038732813597210e-01
-8.526478682935758613e-01
3.279084114906440917e-01
4.211941093883757592e-01
-2.463526259545435193e-01
5.011408065258806666e-01
4.637408069466117944e-01
6.096801194070273766e-01
-5.183603085600954063e-01
