-2.049628439379265199e-01
2.934467740227577615e-01
-9.813942484983917414e-01
-2.411241123521901120e-01
-7.805761089849472256e-01
-8.435115804628898761e-01
3.954141695913968579e-01
3.777477365997323755e-01
1.004843697298392069e-01
-7.703170993659580468e-01
9.102437609158173237e-02
-5.568298694891167244e-01
-6.850375126508041479e-01
-4.128452968410845081e-02
7.058046086961995425e-01
1.291727772421382703e-01
-8.025496332267250121e-01
7.792173638710493400e-01
2.152793335877276615e-01
5.716316049350307349e-01
8.644289000196405670e-01
-8.551293722179176271e-02
8.398802309855935011e-01
3.425273482548547577e-01
-4.316270511715067926e-01
-9.740278139705591531e-01
-1.448871008744130329e-01
-2.103107281789138305e-01
5.317164089179524655e-01
-7.553033382150924346e-01
6.359785092536969220e-01
-6.728487057345551303e-01
2.822279083962289103e-01
9.248536438613992328e-01
3.435161905172783303e-01
-5.561411608730799649e-01
-8.576055944348626170e-02
1.892519180493283104e-01
-5.758574063578635327e-01
5.302446297808980358e-01
6.411746019048651934e-01
-6.091427527251567220e-01
-8.127833578736085585e-01
-5.807852678619923603e-01
2.279598667246001131e-01
-6.489345069623080331e-01
4.701321403455945291e-01
-2.595816511791697589e-01
-2.860129413109235297e-01
2.643347038124406190e-01
-2.759180106234779828e-01
8.748723586093565263e-01
-5.495361595687344725e-01
-1.479227516610001347e-01
2.938189970318261235e-01
-2.002262549065791930e-02
-7.631127240665909195e-01
-1.263145211083962494e-01
9.441120584261581961e-01
-3.943898965704635273e-01
9.821479879939651880e-01
-4.837997505269142628e-01
-3.306989652841234584e-01
4.333667947594961323e-01
6.198969329257051353e-01
-2.651020591069453980e-01
-5.639340490157080943e-01
5.957379646041096599e-01
9.278269301994268581e-01
8.097815147418296888e-01
-8.969262437268885613e-01
8.492063131071923010e-01
4.090559951444328046e-01
-6.819273345270850939e-01
-9.103371364459493797e-01
4.705660691649837801e-01
-6.147733950842693140e-02
-3.874678012521748371e-02
9.858265510340893378e-01
1.001889815903406200e+00
4.092599371384204598e-01
-8.191053388916156308e-01
1.061948688701217502e-01
7.403451870796726730e-01
-3.155850002776650065e-02
7.043545738575658355e-01
-8.651339653692244336e-02
-9.291606291275353868e-01
-4.869255845141307049e-01
-5.198611291545343072e-01
-8.962638752175904333e-01
1.170844270549820099e-01
-1.800950777707543971e-01
8.801015232326028226e-01
6.931120990671406634e-01
9.556351406458674091e-01
-6.112171155775676379e-01
6.412978707524590316e-01
