2.768008054815325192e-01
8.534114531438612428e-01
7.682091162350730418e-01
3.432873473748553339e-01
2.985835756409207509e-01
-1.013743153409348174e+00
-6.100425246219056685e-01
-8.133043753239221907e-01
5.134090584871693341e-01
-9.141351109826720833e-01
8.113329583294891512e-01
-4.437598775635100967e-01
8.628087421482846242e-01
-7.438556798173026063e-01
7.669442609250742837e-01
3.836295894718366739e-01
-9.189535229372471914e-01
-1.450438963953843419e-01
2.038764003559371263e-01
4.061159028507195234e-01
-5.183868694240356678e-01
1.439818350287015714e-01
5.085277879974756665e-01
1.049831752725665091e-01
-5.277397365946732144e-01
9.848335109506614060e-01
-1.391857552915039542e-01
8.632450351196059302e-01
5.491661864868688792e-01
5.051816627549793326e-01
-5.381102415375446091e-01
1.616323787932294476e-01
-3.519179914389432007e-01
7.380190186589998813e-01
1.711946648706517138e-01
2.410348514765948968e-01
-2.229954036896235614e-01
9.745789355956154809e-01
-2.649629548954528513e-01
-5.499946390684578024e-01
3.182649306865115157e-01
-2.775755180472418981e-01
-4.691163051597185274e-01
-3.791532092748725602e-01
8.947158728833025376e-02
2.355739765526938534e-01
5.215761851939203497e-01
9.569426605574248290e-01
7.062246729809029677e-01
8.018221758145998024e-01
4.004062494988802623e-01
2.797294468841264869e-01
-6.477074781634208911e-01
-5.514569839341629809e-01
-8.443618534453891655e-01
2.212325383415425506e-03
5.527238484025991383e-01
6.230720769526387759e-01
1.532947749019251127e-01
6.722041585220408511e-01
9.681931711210522984e-01
-9.369723360449411231e-01
1.019102337064488717e+00
-9.124062250219182602e-01
-3.093554550778475631e-01
-2.412179860197480874e-01
5.962362314865472523e-01
-2.239819782488268185e-01
-5.513779772754945352e-01
4.230796054801908568e-01
-2.930600305273857176e-01
-4.383997089002455994e-01
-8.722984848425414661e-01
3.653062518922177704e-01
-8.066369784296889556e-01
-3.029528570306922464e-01
-1.549525646379814603e-01
4.386840770363304998e-01
-9.454993189312650426e-01
-6.891131142086213135e-01
-4.038584018570856027e-01
3.163228368128117030e-01
9.294295483267100977e-01
-3.118468887023360114e-01
3.453921656347719860e-01
-1.540918771629882361e-02
-7.775037597081668750e-01
-8.907591093611655353e-02
-9.078104039691065053e-01
-7.045760734222874522e-01
-5.926629245104184651e-01
6.331468608508685758e-01
7.487619965820080381e-01
8.810459163695103513e-01
-3.588614600942642285e-01
7.141052558902762915e-01
2.044388957881408952e-01
7.794263508745022939e-01
-1.698395957059826156e-01
-9.304059620336249115e-01
3.383660651621462900e-01
9.923329686176227682e-01
-8.153506916075365929e-01
6.791785746231105980e-01
-5.887052857280730134e-01
2.357582018178728533e-01
-6.515488682615844240e-02
4.326767331170177644e-01
-4.148088153352926799e-01
5.228863822508583725e-01
-3.099525875205288994e-01
9.179146771675484873e-01
