9.825827421489523594e-01
-9.740918430848939380e-01
-1.102047228662120348e+00
4.237361269740220759e-01
9.895561259787499786e-02
-3.524371689647360917e-01
7.281656926231316884e-01
-7.706987830682614504e-01
-7.762622396165497207e-02
2.659288191023225778e-01
-3.866273134009832191e-01
-6.728688506346687248e-01
-2.411906471201152868e-03
-2.214591650470263406e-01
-8.709867821324046577e-01
4.087036673548822829e-01
-2.060064868093138823e-01
-4.826725469588042938e-01
5.254953263851139811e-01
-8.694528508075749507e-02
-1.387697182212614955e-01
6.684632446621920909e-01
4.575623062543465736e-02
9.075444078046090990e-01
-5.114676015076382587e-01
6.970881875945257322e-01
1.888823525392582248e-01
-7.537409931977956390e-02
-8.335900131579472294e-01
4.878181493305653316e-01
-6.574866383884205856e-01
9.616675240331056251e-01
1.219994415179264102e-01
2.271944392974396543e-01
4.891950920693772797e-01
-5.515793774152125684e-01
-9.407891727635127044e-01
5.102336163778746769e-01
-4.496609747196966822e-02
7.865181029949379621e-01
-2.852055253465002327e-01
8.017141539562524510e-01
5.146993798292136546e-01
-6.802723283427256629e-01
2.759757467593380031e-01
6.338451273857080848e-01
2.715116620510712453e-01
7.054807728084400154e-02
-2.526882183520271496e-01
7.966931752466366312e-02
-2.582498657021692345e-01
4.024869051046955359e-01
-4.398165117278569625e-01
-4.072327409824254563e-01
4.415851850944554347e-01
4.997590909096530920e-01
-2.413991186788131404e-01
-1.031073198072813835e-01
4.264483893367312373e-01
3.850132020056058479e-01
-8.786216821921366549e-01
-3.737496120884993278e-01
6.538151277688135643e-01
-8.345230885233825280e-01
-5.679682684834288509e-01
2.537091239159128264e-02
2.645740296043543882e-01
4.232779434227613713e-01
-5.854702941482170520e-01
7.393611692393038393e-01
-5.360891218827021909e-01
6.380232050665806121e-01
4.463173110325495685e-01
3.656827506323936383e-01
-4.508979922449116717e-01
-3.563836661896819802e-01
-3.126734002068056739e-01
8.926440277751812591e-01
-2.342361466564106820e-01
7.028894031227117534e-01
-2.347948479864010451e-01
-3.509685748386750515e-01
-3.333770851110497979e-01
1.743245287713721670e-01
-3.822950186323195165e-01
1.635466728264818315e-01
-3.539226436994578062e-01
-3.601399675308085691e-01
-6.387918434298958115e-01
7.917288282921710607e-01
7.198106499347705078e-01
-2.664423828339523848e-01
6.247879059108107924e-02
1.715314461500287990e-01
-2.344226139366265560e-01
2.533181083138162926e-01
-8.049683326983805287e-01
-1.528263242858938498e-01
1.308015201561125718e-01
-7.857154000282584594e-01
2.232879261562179529e-01
-8.129726530251482064e-01
5.490709998421710036e-01
3.629323395946277842e-01
8.657468248006192635e-01
-3.610723931836739009e-01
-2.900699718240338232e-01
9.111096097775834846e-01
-2.732648097652516928e-01
-2.216659995361585089e-01
3.785246571605020982e-01
-5.902418937061564286e-01
3.703113817280485609e-01
3.071016822469607721e-01
-1.216815430746827076e-01
1.721318647808447455e-01
-2.924318376826144927e-01
-3.736382021384292429e-01
4.042593106589260632e-01
-5.446455412540144314e-01
6.919229513411173649e-02
-6.296945322362943465e-01
-6.780335692497372335e-01
9.550139057641723328e-01
-3.360350719023651456e-01
2.831521078463052898e-01
2.306104040691328017e-01
-1.556273096061677741e-02
-4.883531660217015347e-01
-8.904857213957420026e-01
-6.692366874797546217e-01
-1.325964669082679848e-01
-1.035971531090116304e-01
6.185093865975499483e-02
-2.011055524683906803e-01
6.444656315214802866e-02
8.089562736626387807e-01
-5.753301861486148638e-01
-7.745041718519329876e-02
2.600992445427690036e-01
6.400309496808007648e-01
-5.555777378707966729e-01
9.945978310209798723e-01
-7.685688881562022789e-01
-2.416669367403316837e-01
-6.071037875846367893e-01
9.109778572872406777e-02
-4.222967918928499653e-01
-2.777024696803582771e-01
-8.144601220211498127e-01
-3.368394443400140048e-01
2.123654664313889828e-01
-5.469704540114725955e-01
9.409047204710985213e-01
-9.012904408922843835e-01
-8.757439443075809571e-01
-6.789072883209604781e-01
3.607343052391653870e-02
7.521433510378425780e-01
5.824223822902445669e-01
-2.432177997044158158e-01
-9.141455614794806728e-01
9.212660098295333277e-02
4.135878181634109474e-01
1.986146979723120154e-01
-2.766124624670673882e-01
-4.239158749368199253e-03
-2.797946929178786180e-01
-5.873844851263472222e-01
8.490441780937547644e-01
1.630412342503524403e-01
2.136255474287578338e-01
