-6.267863007712166645e-01
-1.252305297396878458e-01
-5.168535129209195222e-01
6.771219959078556005e-01
4.131601046108446251e-01
2.834895409406914535e-01
-4.593966655215608874e-02
6.097265634974384785e-01
4.000330560648071021e-01
8.828638996845339371e-02
8.397795203212012893e-01
-3.131578754483852478e-01
-6.012001931236059526e-01
2.737564641317100644e-01
5.796037129259645759e-01
-6.171784344226063368e-01
3.340617836187196321e-01
-6.949683633841334807e-01
1.333365903445340450e-01
3.298592923500791585e-01
6.603445591722386654e-01
6.328838300400052574e-01
3.454770710087797236e-01
2.526285894124951081e-01
8.756274962146459728e-01
-8.670425278413906867e-02
2.863789600898738463e-01
8.975505827493019950e-01
1.457891779357078366e-01
-5.027706866174692646e-01
9.439101541523557959e-01
-3.621614540012751959e-01
8.055429637710216362e-01
5.299458334915474467e-01
3.673224930412439804e-01
5.303995537177457198e-01
9.604469516856199984e-01
-1.636877642565535140e-01
-7.500720537939109533e-01
-6.123040570471740551e-01
-4.578965715245630896e-01
7.323978527279667583e-01
7.326585440584731934e-02
7.041907521301520312e-01
-6.572667667187059859e-01
5.222553732882966315e-01
1.487091059887009070e-01
-8.583074736953493211e-01
6.687014002648820066e-01
-1.027484451535380927e-01
6.238318444598298651e-01
-8.254818736547464564e-01
-7.520584741385283323e-02
3.979558534161604655e-01
-8.630574378411979275e-01
2.875396774629697116e-01
1.621260532987243153e-01
1.385948946748729593e-01
-4.441145506044189006e-01
-9.605604355926589122e-01
-3.219175000577467749e-02
8.779961100605353508e-01
-2.884483990975605927e-01
8.915182395714900121e-01
-6.527811681362141183e-01
-2.701325013252904306e-01
8.911760742477703445e-01
9.174752779395214386e-01
9.531057618636675777e-01
-1.363236346343623673e-01
-1.126593622199479339e-01
-5.300467849054182334e-01
-3.719713738963292826e-04
-5.045674934389026145e-01
-7.591623428723357492e-01
-7.245329514133227455e-01
-8.074456817970527833e-01
2.672856995688177584e-01
8.509427486781144800e-01
-8.903034250743727673e-01
4.842546674944778751e-01
3.251508666483022836e-01
-3.648250156219416951e-01
-5.967790187946815372e-01
2.617778668513552898e-01
9.048650359657458564e-01
9.446892249967304700e-01
6.146620545185559337e-01
2.435202206519668788e-01
-4.600789083346993880e-01
9.740003544547621850e-01
-6.766694856835897554e-02
-7.697185991856605458e-01
-8.284254603610676781e-01
-9.281963183533252781e-01
-7.166914394757348816e-01
-5.530786394107749526e-01
-5.847843012232378790e-02
5.410342589233372301e-01
5.798327228346431550e-01
5.848907089024675265e-01
-5.036036703162056760e-01
-8.618622338087402746e-01
-7.276248169258549003e-01
-8.983033737436321164e-01
4.303885776491991333e-01
-2.959353845492414606e-02
9.558347076166469058e-01
7.619671348032213132e-01
3.108220458037065370e-01
-7.153762067842084349e-01
-7.013455217249724427e-01
7.449646386119663788e-01
-4.457565270238561528e-01
-1.077344121825962731e-01
-5.861438183433480553e-01
3.515623827416463065e-01
-1.804667558724091236e-01
4.156013516469310165e-01
1.911149033639263362e-01
-5.863033854951280599e-01
7.626472696761208425e-01
8.151870515195145384e-01
9.400339855099180131e-01
6.761973094531690265e-01
-2.062557614935101036e-02
-3.760023344980436555e-01
8.738843376518568018e-01
6.341074487924518444e-01
-2.877951130958606996e-01
7.706836107923447088e-01
-7.267117965492033704e-01
2.998342960078475006e-01
9.271340618881775963e-01
-4.667208014365555879e-01
-7.529264265456629968e-01
2.343738612133172694e-02
4.680148532306083187e-01
1.847394048772854624e-02
8.940756799320848103e-01
6.491229037544172797e-01
7.360066805932030665e-01
9.688088893170279103e-01
5.316471412088488169e-01
5.693831727890534822e-01
-5.983332033862771571e-01
-8.982653035018104415e-01
2.489333787056757785e-01
-2.332011284848531929e-01
4.206284085709055542e-02
9.566101924845373805e-01
7.952729078232030346e-01
-6.032808402775322598e-01
7.342795750452228987e-01
4.675049515192193361e-01
-2.558880166781565269e-01
9.137638128060545650e-01
3.005263924842529466e-01
2.345321576102092909e-01
-4.618958936593018372e-01
1.252125676325224202e-01
4.608173312497279017e-01
7.101450517406360241e-01
7.347106524895388180e-01
4.244736685556709244e-01
-3.793194197594880190e-01
4.650437077925011486e-01
-4.312447511390609112e-01
-1.196843013219837104e-01
8.713854561021916467e-01
6.260928090293610415e-01
3.120383099163124285e-01
