-4.543456416087954253e-02
-7.357531781045569819e-01
-2.171784463134180942e-01
-8.199946818626411282e-01
-3.287721873987341503e-01
-9.108295920467204265e-01
-9.771633949656832741e-01
-9.510488305326405545e-01
-2.592408091772877565e-01
6.011638701186805545e-01
3.779503379299213872e-01
3.628163881783179612e-01
-6.904005635099339511e-01
7.151516925296137472e-01
9.071908493519575956e-02
3.213323870330433429e-01
4.695624837382021965e-01
-6.848386017024585826e-01
1.285434809556245117e-01
-3.308313724004809941e-01
2.665169925643753324e-01
4.805242238720452974e-01
3.303881450930632457e-01
-1.359638584359736946e-01
9.754223954422891474e-02
9.071580824807387033e-01
1.041832310345868207e+00
1.083830526359728097e-01
-6.641904181743183422e-01
-9.236386332319337367e-01
-1.479242341888766799e-01
-4.511250055783571078e-01
1.797713056825074318e-01
5.834702174213490800e-01
3.665374234010951859e-01
-6.781865077260877950e-01
5.983456712465629046e-02
4.060050046244645383e-01
-4.997752853680184071e-01
8.732326423225089673e-01
5.355623884897813269e-01
4.326328443999729600e-01
-8.249540038326876878e-01
-3.239551576902848229e-01
-4.573243085944465047e-01
-7.601794862656203744e-01
6.236034421169811548e-01
6.900614964787239458e-01
4.154729050470573615e-01
-2.366500515853444675e-01
1.250237322604093038e-01
-1.011243137358777133e-01
-2.128228730289392079e-01
2.857191648578116805e-01
-5.770902455544713039e-01
-4.245243190365901587e-01
5.685233666267319741e-01
-5.421674943666237034e-01
3.130722163375989631e-01
3.537356690394661829e-01
-9.428354646405092687e-01
-9.889814322517522793e-01
-9.787365256672795333e-01
4.877997898079424743e-01
1.445584408874294180e-01
3.206058785149594748e-01
-4.937998412482225152e-01
-6.023420359914974931e-01
5.084837302184210817e-01
3.905967625840867097e-01
2.367807653503415377e-01
-1.501458531241659511e-01
-8.968014535791168917e-02
8.045819894037971043e-01
-7.611001659203031622e-02
-4.435719215066231680e-01
-9.170678132166898422e-01
9.173482554742495854e-01
-9.077865623287635355e-01
1.508597086996623371e-01
-3.406462834801317063e-01
-2.151085369006444648e-01
7.634176504415293163e-01
7.806312448102645796e-01
8.405996506610795560e-01
1.416579715098544856e-01
-9.586042185059873155e-02
-2.065748995112099973e-01
-9.895613994012117942e-01
1.487734215030569462e-01
-1.029390754310810507e-02
8.719980770352657728e-01
9.328460334238799501e-01
9.274047717646429767e-01
-5.476200536395814389e-02
-1.300382654571012875e-01
-5.667791421824526221e-01
5.217374123434972422e-01
-3.669957972326010065e-01
-1.356825329815705139e-01
1.463669365522999311e-01
-6.404632867627446657e-01
-6.464942564567504046e-01
6.755242369403824387e-01
2.988410148965974233e-01
9.123610660622245572e-01
-9.788932465578294995e-01
5.494024256536813589e-01
-9.088600270202371600e-01
-8.871476228839987321e-01
1.478238101151529982e-02
-1.915979532746514558e-01
-3.593566598214195107e-01
-3.026533464824554542e-02
7.176092580276771660e-01
-9.639571413579193226e-01
3.621673348872844755e-01
-1.902662524015377166e-01
9.388889988305222367e-01
2.558264215087557858e-02
-4.575067882858885326e-03
5.720815507915499865e-02
1.739034518587345701e-02
3.229666143122196242e-01
3.776764651594772815e-01
2.192519686842695492e-01
-1.535881630059532377e-02
9.382673103448091467e-01
6.220106526974944483e-01
5.384096371448524598e-01
-9.019847599694148510e-01
5.590455940120648837e-01
7.160711850212406748e-01
2.799522480067979657e-01
7.914132952996639769e-01
9.423774431455678169e-01
8.602822373863423522e-01
-2.045903312542582397e-02
1.437568310339427669e-01
-1.725464713629201174e-01
-5.015466500073062495e-01
2.512690286239156467e-01
8.612658636119430167e-01
8.828611428505950265e-01
-9.815100332242914227e-01
-1.166735446294637768e-01
6.334397823076729495e-01
5.032663090353584057e-01
8.796875849579686157e-01
4.617368417060119246e-01
2.060987886835641270e-01
-9.978836900129683940e-03
-3.108593829124401964e-01
8.747110487485878494e-01
1.120416975863862685e+00
5.820409815772142892e-01
2.556138363736311092e-01
-8.940054982240530634e-02
-2.433877052496218329e-01
-6.719937145459959904e-01
3.402212689094734621e-01
-8.232269139875145747e-01
-7.071449456833220903e-01
-9.007214429209455808e-01
7.156440237431227480e-01
-6.780589890485178017e-01
-1.665275463914059895e-01
1.720801598836938506e-01
9.510745409849194476e-02
-4.818115404484799580e-01
-1.658607338297836409e-02
1.658687930109195019e-01
-1.519898017764655940e-01
-3.169790892085440071e-01
-7.520382376083577514e-01
-5.479632261604860943e-03
2.035344009573210045e-01
6.923180971922220373e-01
