-8.518666459028345628e-02
-8.930504489471902119e-01
-6.587011232682726813e-02
5.624234733140043296e-02
-7.725232397384367289e-01
2.510987391712793393e-01
3.193366150978751428e-01
3.732549568816259100e-01
8.095762180734067393e-02
6.727797566801290152e-01
-6.485555894612713423e-01
4.444498169967385781e-01
8.837184883243176525e-01
-4.121322207140576399e-01
6.350737088114886131e-01
-2.583241332783416944e-01
8.620500916774627154e-01
-9.834541990990581795e-01
2.953022317895834803e-01
-8.957960873867010232e-01
4.814983468726652394e-01
2.389036868556255744e-01
-8.028981530311141146e-01
1.576179982362297949e-01
-1.598925163192561616e-01
-4.773799420212301303e-01
-6.895542961835854356e-02
3.639523561422499665e-01
-4.592727103741163219e-01
4.064467707455277079e-03
-5.655281974121910693e-01
-5.907509637512486922e-01
5.146982639622610378e-02
8.664268357280703325e-01
6.583708424084699917e-01
2.521804415995299031e-02
9.409401348253743080e-01
-7.316049580972916466e-02
3.843690069871088522e-01
-5.351405206601467235e-01
4.445356297370005039e-01
1.681537644033719303e-01
4.345646112393770633e-01
-7.278083568900362010e-03
1.485862471253265316e-01
-3.099507563231043150e-01
8.459116412624889669e-02
-5.448087838249482395e-01
-2.823407844584922000e-01
-7.107749452706053628e-01
-1.756583847131476528e-01
2.182733628857849162e-01
-5.186349171547868231e-01
-3.769523024392689159e-01
-6.645743657639356927e-01
5.841674097875939609e-01
7.515144291346385064e-01
3.074249651892710933e-01
-5.226792403703561796e-01
-6.686391627653576197e-01
1.973799295907265883e-01
3.573929077078277228e-01
2.893049956887738805e-01
9.185723780966370544e-01
6.023748962343977720e-01
6.349374271855285912e-01
-9.066384788332169098e-01
-9.050997812249530483e-01
5.917028036312277361e-01
1.090675332538693088e-01
-2.382966263743018231e-01
-9.390969575897230026e-01
-2.145841472822713758e-01
1.877364224531057335e-01
-3.631711445671839122e-01
-8.606557090211710559e-01
3.238317284484042435e-01
1.025230826331100520e-01
-4.664887851175769651e-01
8.073462322297162430e-01
3.860921692334757793e-01
-2.837209308655379569e-01
7.526409427172597866e-02
-9.888189108075570721e-02
-5.415785906415924167e-01
-3.552901500129654888e-01
-8.238191392092721888e-01
-6.566427792107341066e-01
5.563846453750316279e-01
5.922034161228029170e-02
-8.168679359606352275e-01
5.708912322743850964e-01
-5.406528334508118316e-01
4.354764406080366967e-01
-3.017527761055749380e-01
-6.706163818084487360e-02
-7.625469609812002281e-02
-5.075097239407126981e-01
4.551596268359585640e-01
6.305640872918334416e-01
3.227359227022577048e-01
6.067755607555875841e-01
3.606553564586134630e-01
-4.690113707401137866e-01
3.758237433594358023e-02
-3.502125308531791603e-01
1.954825913187669961e-01
4.720837941485078737e-01
2.033747070427893711e-01
7.299350834054052495e-01
3.532869376073666245e-02
-6.763278479175929281e-01
3.926896324026092344e-01
-9.472005679923891641e-01
-7.910104806621234275e-01
7.965935107617090338e-01
-1.802638855712368482e-02
-2.222761936784305448e-01
8.719842229059520111e-01
3.481724830080292765e-01
-3.099437840646905862e-01
6.668481623786353119e-01
6.651094937468293722e-01
1.989131455764222289e-01
8.700219251262775177e-01
2.440369317749391254e-01
-7.550286207014980100e-01
3.541359634188536720e-01
4.292309566302023871e-01
-2.110223027397724049e-01
-6.798585685160574155e-01
2.844052560656717965e-02
8.945478585055088860e-01
2.864629763760808689e-01
-1.320102482181246817e-01
-6.183540511300347209e-01
4.198305208814452349e-01
7.634879104316696363e-01
5.014804474853313820e-01
1.595556880485644591e-01
-4.025058938170584799e-01
2.287227094129031801e-01
3.727499737370192356e-01
-3.319266915369589732e-02
-9.823520223807735707e-01
-7.448232923784179338e-01
3.848038168902325751e-01
-5.588229472844838952e-01
4.958745396327377541e-01
-6.692214607515944991e-02
-9.141729880767694993e-01
8.552699296097616699e-01
-9.157396156771713258e-01
1.551128280507962920e-01
3.413548446058241037e-01
3.935130060262317375e-01
5.809651475799533227e-01
4.646723829191223842e-01
3.115686649047346712e-01
-4.679110410614144566e-01
5.993830459429110302e-01
-5.110117345395943644e-01
8.033999216448284297e-01
9.514685911076963265e-01
-9.957567076674829210e-01
-3.738541581386423118e-03
-4.525780411310718065e-01
1.710538036507565085e-01
4.647329274749487649e-01
8.235433910005305336e-01
8.352304473000951024e-01
4.961993674582816372e-01
6.093186171728803835e-01
-2.533112572491131864e-01
-1.792468658823569427e-01
8.537907167146085996e-02
-5.849702076760738834e-01
8.748158362001383637e-01
