-7.328033245847971333e-01
4.511244149420664540e-01
4.588456295845100286e-01
5.393654061394204113e-01
9.395584302466115645e-01
1.580336106214730307e-01
-6.054121859380034998e-01
-5.312643774396512697e-01
-2.809627018231285467e-01
-2.895440051925788350e-01
3.444339000738001477e-01
8.776471246497417056e-01
-1.558259560193477888e-01
-1.818905418511633787e-01
-7.533121960364943526e-01
6.551998729581569592e-01
1.794144081821975600e-01
-6.303400597914250447e-01
-5.218414060516487485e-01
4.213158851333424770e-02
8.779801135448537242e-01
4.850306594968869511e-01
2.115442288371778279e-01
-3.533336019773980485e-01
4.370102652979779290e-01
7.994016151963809769e-01
-1.659888340410521357e-01
8.241519798161769383e-01
4.456533130521296293e-01
8.157225840130823968e-01
2.521023757465037374e-01
9.744705449173474143e-01
-1.996252467725812274e-01
-3.323809901347294371e-01
1.767495665728009424e-01
-1.246895255821955928e-02
8.279867998146461794e-02
7.007215902723866741e-01
9.076028199068897351e-01
3.368454828346671981e-01
-2.744112325322345391e-01
-8.082805101780599077e-01
-1.264725133671789070e-01
3.698924133388821200e-01
1.330861099695863636e-01
5.997299365077204403e-01
-5.382590775369364700e-01
4.334630116314708292e-01
7.825957193937002621e-02
-2.158449260465042929e-01
-5.503668464418092210e-01
7.854119298132453686e-01
-5.129435055834736801e-01
-2.615805778656195013e-01
7.858269308751797411e-02
1.414764081633712589e-01
-2.610313919979230235e-01
-7.991225611396621797e-01
1.660008595300555001e-01
-7.594403622439174772e-02
6.189249487820425166e-02
-4.893129942306528868e-01
-7.327477898873318019e-01
-3.768326639351751162e-01
-7.719537664684191780e-01
-2.692448159948988007e-01
7.738000692785235168e-01
5.739156644199361335e-01
9.524067023265858634e-01
-1.727960514667939429e-01
1.118315255365279315e+00
7.836460766480173312e-01
6.670306970163968341e-01
1.582094513093170729e-01
-3.409986055171483343e-01
-6.174998363263251022e-01
5.712652755779048519e-01
-1.416416554766919411e-02
2.412536515971619444e-02
-9.226442194121400320e-01
1.662046064052655758e-01
-1.656639947641134203e-01
-6.692239619030064812e-01
-2.741239445424239474e-01
-3.905022550109620294e-01
-4.445761684718847473e-01
4.897457892571581706e-01
-1.832558293997161858e-01
3.516484291439230248e-01
4.050534757471124792e-01
6.816949369837965733e-02
-3.110719648125268022e-01
-1.025471023695477601e+00
8.396247382779966628e-01
7.200067372926703957e-01
-4.300954408115864602e-01
-8.826178282622798577e-02
-4.799627022889074723e-02
-9.727827855394850509e-01
8.410377582011829833e-01
-6.648725420664383101e-01
1.970368462512128716e-02
-9.371629299100241450e-01
-9.024259481980152486e-01
-9.498893162769479481e-01
3.049387959044245200e-01
-4.929726761131876245e-01
-5.129631659219727746e-01
5.880685464662410711e-01
-7.864648424359010903e-02
7.802488157232589927e-01
2.887868196403928778e-01
-8.237585001765539428e-01
-6.679759392142734509e-01
-7.413870614630631017e-01
9.211400412153880612e-01
1.079128026932074658e-01
2.859765059594759906e-01
6.461988233738866771e-01
-3.355150047011972170e-01
-1.292720386171473113e-01
1.473883690688594095e-01
