-3.608128939521850764e-01
8.178567969697292384e-03
-2.262948920273293307e-01
-1.719062415844076486e-01
-2.090192147300822256e-01
6.393233208748974050e-01
9.289715210196662909e-01
4.189643646101078867e-01
-3.182460786067871084e-01
-7.201693437764523642e-01
4.818697703764156515e-01
-7.305452145994413282e-01
-2.682501466374578314e-01
-3.908289043913624194e-01
3.975189905477802821e-01
-4.891681675644865557e-02
5.312683296635971608e-01
7.093751369419509789e-01
-5.066398687150257540e-01
-1.621448938512266569e-01
1.927141022734726317e-01
-9.726284552733966970e-01
-1.976952260566776365e-01
-6.306818697591247691e-01
-7.573160315379972030e-01
-9.367833127687927863e-01
7.691862591460558729e-01
2.153373261507904868e-01
-9.395433976158498179e-01
2.461383345190523153e-01
-3.166545093017349988e-01
-4.047651778770586795e-01
3.633539341612102014e-01
-9.036292366992501601e-02
-8.988697646220544790e-01
7.684835104512892645e-01
-3.009259809588593626e-02
7.650353294255975989e-01
-2.299559582058530172e-01
3.538812859266124988e-01
-6.164181981892324913e-02
-3.834609547421434783e-01
8.295444283705020183e-01
1.444869142768745451e-01
6.143250947703069453e-01
3.012792872830170054e-01
-4.124391806521139348e-01
-8.028661475074750919e-01
5.282690985240610093e-01
9.589428848130454597e-01
-3.195775263980393799e-01
8.745155962601274258e-01
2.460408956012256620e-01
-3.603543918554175107e-01
1.835712859054271229e-01
8.354587305998939506e-01
6.809405801696186700e-01
8.401531108449900032e-01
6.375083477588860958e-02
-5.633192625436018730e-01
-5.840038071229829431e-01
-1.036480549331527889e+00
9.769942267876018382e-01
-7.673866489496052878e-01
3.764021581591039251e-02
2.346948958515455708e-01
3.392278889271340692e-01
4.434129832865532084e-01
2.997833228498378855e-01
4.795466376075196990e-02
-8.299720694916772334e-01
-4.528219748113149201e-01
1.285199022803897861e-01
6.997104260622926120e-01
-5.525354322948776709e-01
6.518251525825506931e-01
5.683352914505650499e-01
-4.948419286772640646e-01
3.838971517606093453e-01
2.228434357498556562e-01
1.857914948307410885e-01
9.921064130137022818e-01
8.485607058204442943e-01
-1.380228203721678426e-01
-5.752050934248953418e-01
9.929511951491574173e-01
-9.254991081653907159e-01
7.280915897950421822e-01
7.193537076998883784e-01
-6.110718399663328526e-01
-7.809808825558288703e-01
6.816786903853040425e-01
-5.457986950177762253e-01
3.442344824160619154e-01
7.739616462052814061e-01
1.185254331477727519e-01
1.120914894758209268e-01
5.259700560184750184e-01
3.361554156146082661e-01
-2.484808584343129734e-01
-9.482820526628108482e-01
6.681476229654212950e-01
-6.091961692487819491e-01
8.856311977392139489e-01
2.962814007457086340e-01
-9.473572356675958872e-01
-2.345128885697929100e-01
-7.190014809272060603e-01
-1.327835431064894323e-01
3.215351254276070936e-01
3.869772666722022247e-01
-4.907506192032741188e-01
9.013579261572646217e-03
8.141701802256631204e-01
-9.673450249421269298e-01
2.861405678174020473e-01
-9.466452829113884970e-01
-4.344238960284226847e-01
-9.695281536568809422e-01
6.450690508097096654e-01
-4.766488431696014327e-01
-6.505342815787498179e-01
-9.421284448866016348e-01
-4.251046789257881264e-01
-3.366231486565267605e-01
3.046532000344521762e-01
-4.373235307321063914e-01
-3.253484430487983414e-01
1.435590837636584460e-01
-5.460770867095687819e-01
-2.822589093101666169e-01
-7.035660185313892256e-01
6.870936258734010593e-01
-5.225746824686769987e-01
8.657626706079768475e-02
-8.171082801487177250e-01
-8.320062837659292221e-02
-1.398954007281094092e-01
-4.734502476777640023e-01
-8.685906205947400149e-01
8.249032922682286717e-02
1.179519322028795392e+00
-8.527732974786299547e-01
-1.432965492606865787e-01
5.940335172738102631e-01
-7.167734481302803218e-01
7.463170454088656758e-01
-7.292049861271395761e-01
-8.120921274652750377e-01
-6.198169583281498696e-01
6.750325683218540984e-01
-5.775508365343822170e-01
2.567508288557074358e-01
-2.991028970668865306e-01
6.215607075972329199e-02
-8.823979233026386648e-01
2.817878047045543344e-01
-5.247117114468546895e-01
2.062583460560880044e-01
-3.307861536949601722e-01
-7.181985230735443704e-01
7.122234500960569203e-01
-1.937667090036037099e-01
-7.861291472173312922e-01
-1.440236912028740601e-01
3.729823041945010687e-01
1.532094782804471755e-02
7.812368901832513757e-01
3.225272213753043737e-01
3.145451190856536350e-01
-5.491317305045781971e-01
7.866083204708922416e-01
-5.139659593462596598e-01
-9.477238851440183964e-01
-3.409954609939014336e-01
2.502326031851673793e-01
-4.086044364701124643e-01
-2.162069134824007310e-01
