2.974012522624309707e-01
1.491942510078143602e-01
1.139618054451496942e-01
5.884828419084195961e-01
8.898368161110750130e-01
-5.783370660711772970e-01
5.428867343544585555e-01
-5.284213566237268012e-01
2.483628762127505496e-01
9.590362587082814638e-01
2.355869449069196708e-01
-4.760198160597829409e-01
4.900377214514863855e-01
-1.351897892995101991e-01
-4.320249560568156788e-01
5.955485637484888573e-01
8.367865964207703566e-01
7.561869825134062140e-01
2.801173832406416153e-01
6.663967561565597997e-02
6.997050150309129801e-01
-5.817980168186540624e-01
1.578189281431878754e-01
-9.372554039154714633e-01
2.426755657784396281e-01
5.719951704584809171e-01
9.977892084248189963e-01
-1.609782574448510584e-01
4.183911269711360070e-01
-1.015068975232751303e-01
2.040356639969446717e-01
8.547926130249459131e-01
-3.728589372146808856e-01
8.132174266186673606e-01
-2.945752484873458421e-01
-3.996777289520208054e-01
-8.966096873279485457e-01
3.435566220151664574e-02
5.560453039143549159e-01
-6.492914226412975776e-01
8.924227097591692637e-01
-7.236477511739325408e-01
-7.678252102229978782e-01
-1.722795045838407813e-01
-2.869130819697736090e-01
6.007886442394028137e-02
-5.713161976169118805e-01
-9.958267522749104650e-01
-8.109268202666861658e-01
-7.214136960491375206e-01
9.471421397094592631e-01
-9.510437871664538800e-01
-7.887966467445612917e-01
-9.245562456331812839e-02
-2.994949815671481552e-01
8.344976655654769981e-01
5.668561685331645617e-01
9.626570149006807853e-01
7.062465575056631195e-03
-6.310711332480034574e-01
-1.333387984963947670e-01
7.624418284770487775e-01
-2.053390680060540596e-01
7.877413118820868476e-01
6.562348946604281696e-01
4.520065138774126412e-02
-8.320239850486148558e-01
4.270689432220291515e-01
-2.559692534693195354e-01
-6.773385568385854594e-01
1.062187219336979460e+00
2.497569377087733855e-01
1.016146598246991939e-01
2.182445239406904935e-01
3.241763152953685001e-01
9.740219306367667862e-01
-8.830999513200756823e-01
6.150345772630059216e-01
4.771506575209794043e-02
3.098893789598862192e-01
-2.518750205651021368e-01
9.636212289978862700e-02
-3.064143716491533054e-01
-4.718474032896025072e-01
8.992571582385948670e-01
-7.992221320199124346e-01
-1.537417292290614856e-01
2.606740118209094348e-02
-5.337173413014455470e-01
-3.287030220087970300e-01
1.850569537544239918e-01
7.642074966253453727e-01
-8.665098114907832105e-02
9.274724878419426943e-01
-1.779728913286911518e-01
-3.257244593903749208e-02
8.378990892299369442e-01
-1.791054529041447019e-02
-6.105395598886311781e-01
-2.552910049062661613e-01
2.440265551454430248e-01
-1.063329338186808304e+00
-9.870132533494186955e-01
4.471607409550840129e-01
6.382389284811107455e-01
1.065312692404994488e+00
-5.034615198746386078e-01
6.257228555914839951e-01
-6.864153507531352005e-01
1.005745845970271724e-01
-7.949367571143075573e-01
-7.631835874787114005e-01
5.740697216498675814e-01
-7.299480166408214288e-01
-1.012061350311894037e+00
1.758740764228736986e-01
6.208293906078719004e-01
-3.275584539468598955e-01
5.834934325099098151e-01
-8.226123604157464797e-01
2.152886506704319025e-01
6.685302901120688812e-01
-3.069710521479900311e-01
-3.336287229588663639e-01
5.172412960853356445e-02
6.037479063457158041e-02
1.532352425112636085e-01
7.981886284696602107e-01
1.289542407731814055e-01
-5.741103671195529889e-01
-8.839122534564725076e-01
-4.997172572404031676e-01
3.267418656674703215e-02
3.187968846571545001e-01
5.280354519961689697e-01
-9.082850192230076392e-01
-1.581863506151384158e-01
-9.640499750153164182e-01
-3.247621246531964267e-01
5.874364099379387749e-01
2.315734652713181685e-01
4.084869159393296201e-01
8.836840519711186559e-02
-3.490298806453016045e-01
3.507369324110720665e-01
-4.901624234453758611e-01
-9.050944206784732327e-01
1.342385127736058781e-01
-4.387229868489854745e-01
9.012654591766127155e-01
-6.928430094397337591e-01
2.228017547440093171e-01
8.853565114449191142e-02
-8.659173185215456314e-01
8.633670462313229876e-01
2.721331828475475056e-01
-3.730637139323889073e-01
4.329099386384231973e-01
-5.934094589915825946e-01
8.856550297312664188e-01
1.731635478855353405e-02
-4.870046386246482673e-01
6.004496432984973708e-01
6.272032273691507953e-01
3.253448167854020578e-01
5.084357050415377888e-01
-9.889961693198896509e-01
4.931178735973753557e-01
4.442055602308874196e-01
2.302553147467623074e-01
9.652530142435706839e-01
-7.379348551513432719e-01
7.385715562375061438e-02
7.541098089703379692e-02
-7.681118656665031352e-02
-9.896270734394656543e-01
-3.132797717277813199e-02
-1.542518110633726014e-01
