2.067947119453779070e-01
-3.303036421514384813e-01
2.640992913255117980e-01
-5.470863145149469364e-01
5.439849880208011967e-01
5.388790621701058381e-01
-7.246242080818618980e-01
5.362783275050049259e-01
4.745002852570039398e-01
-4.109054729793348848e-02
3.254791625568571600e-01
4.437904437351645193e-01
-5.950217870770191375e-02
4.727131441437668613e-01
-6.701933212623059077e-01
5.591817383188579793e-01
-1.351070997340726443e-01
-5.464437426848522961e-01
-2.222264153974486955e-01
-8.713402101548408663e-01
2.588459064972925550e-01
9.850480188670585058e-02
-9.102234752707172305e-02
3.174273985710944768e-01
9.209565137558930470e-01
5.713777225124847536e-01
7.704211692330946715e-01
1.867112120014171595e-01
4.755427151069040459e-01
-6.591489123719918020e-02
2.856662168802872603e-01
8.857422042801439410e-01
-1.429733998002442608e-01
-2.563599771631517310e-01
-4.682472894816869236e-02
1.454297370454933347e-01
8.961833146671300820e-01
9.671118084693448580e-01
-2.995620581239968327e-01
-5.115223790001952597e-01
6.698035233940746735e-01
-7.087174785036864932e-01
-2.604990084277691853e-01
-9.606150878032426732e-01
8.080179154797002550e-01
7.624257247411692084e-02
7.990251320278400904e-01
-6.997138471072319454e-01
-7.378374258413289422e-01
3.694156928707605925e-01
-5.026474874266915194e-01
3.620860893440225325e-02
-3.827621092417450299e-01
-4.423091515393506867e-02
8.051121023341138994e-01
6.722366965137707706e-02
-1.517401527014456963e-01
1.720122125364533794e-01
3.440108069264328217e-01
3.848642096853827077e-02
-8.003036675280237322e-01
-9.557492843678216943e-02
5.582384559280253455e-01
-3.765474477298054179e-01
4.882838813863303873e-01
1.023758961376037835e-01
-3.694295070047801666e-01
-6.537614675344887161e-01
3.048432797621591916e-01
6.169896784552104663e-01
7.403090444233597633e-01
-8.682033918184250965e-01
5.315666016899686652e-03
7.720922990360796767e-01
-6.339948003882645011e-01
-7.213764909489142063e-01
-1.990815749755667774e-01
-8.271131799881150659e-01
-6.908639678774837201e-01
3.934340506207552046e-01
-3.451929677302842947e-01
-5.341049721059747402e-01
-2.219512525034479378e-01
4.723432142205938877e-01
-6.733212696292734112e-01
8.869233042214095253e-01
-7.491262943489800374e-01
-6.830129768945958357e-01
8.965270518032064651e-02
7.670268579267702780e-01
3.897145656874831943e-01
8.485948375631158225e-01
6.556000146683949037e-01
-3.440050915817707278e-01
6.719293668735324410e-01
9.737029892013062682e-01
5.925328374478032734e-01
-9.525785750989805845e-01
7.986913532879409416e-01
2.116374092405495233e-01
-6.266331752547507072e-01
9.237248680539897894e-01
-7.427187248798378105e-01
-2.066078975376191007e-01
6.717075348470000762e-01
1.359343095792542311e-01
-2.272394454043313861e-01
-1.853445291085269453e-01
7.234356330812166114e-01
-8.469853296695162292e-02
1.574269421531138136e-02
5.498309179977309835e-01
-4.150357947182412577e-01
2.209027309188460464e-01
4.136521659176156107e-01
-2.242673496715652526e-02
-2.345443671377482886e-01
2.561917436699392425e-01
3.684151998544922257e-01
9.818114178436758710e-01
-5.974047749923749873e-01
1.050270938939382503e+00
3.038269996287781272e-01
-8.822740180778740893e-01
-4.674472719253557340e-01
-7.868294498828112271e-01
-9.315093284131834572e-01
-1.754630600480073799e-01
2.673848581508242450e-01
6.836995398929457401e-02
6.124059669772934367e-01
-8.152309146185374722e-01
-6.172500114756720446e-01
-8.170997250958798030e-01
3.359371455102031501e-01
3.139149742144302646e-01
-4.922556623523961505e-01
3.234520376651077722e-01
2.327996362172386757e-01
5.184626460475196819e-01
-3.752914556557791492e-01
-9.834338415186871796e-01
-5.055392587755009881e-01
-7.951560970430424646e-01
8.211207497110120102e-01
8.896345972683517012e-02
-1.946344447121455268e-01
8.988813633643784051e-01
-7.484338947520714491e-01
7.439678025295690666e-01
-2.478623673860846921e-01
5.217065163585352661e-01
-4.753130942118859448e-01
-2.243794258535281028e-01
9.059420442617405200e-01
7.402953730596579796e-01
-1.162086328743452412e-01
3.080333808546091845e-01
-1.931657236957191603e-01
4.897296923446852190e-01
-3.143611693629824178e-01
-4.548091676956571572e-01
6.430703893463018961e-01
9.373373082646048182e-01
8.173926913277238526e-01
2.038955040632004501e-01
8.948567119376993340e-02
-3.615348413687118068e-02
-4.361027839714282095e-02
9.455125087897351399e-01
-4.903412646854854451e-02
1.414092358565142149e-01
2.831766583307391283e-01
-4.441331811736680402e-02
-5.772635271162998016e-01
8.367157828885078974e-01
-4.038043877575119289e-01
-5.878310244757887215e-01
