8.507822698046267895e-01
5.710083458300141412e-01
5.301154458620180865e-01
-4.620875208091845820e-02
-7.438313122036199765e-01
6.962566281870647966e-01
-9.966923210131501953e-01
6.068854254369011603e-01
9.225446803289392150e-01
-4.791347652156907611e-01
-5.423156754928739609e-01
1.866864386048956437e-01
-9.104731507731982365e-01
-7.623230703082488624e-01
-2.346204085279242069e-01
2.385199313128666398e-03
8.925780553100375325e-01
-9.604408428173409895e-01
7.557330595831444064e-01
-4.448241985812795285e-02
-3.081752639587993503e-01
-7.772603734501728479e-01
6.700243446265032876e-01
-6.212769961217010639e-01
-7.482794429865926578e-01
-2.380376361596219237e-01
-8.768364888191382267e-01
2.103826478960644231e-01
-8.222704382123915412e-01
4.094015775981245664e-01
-8.443255748541815819e-01
8.259132251713268147e-01
-6.421104462435280880e-01
3.151891980656840175e-01
-1.419744083115623834e-01
8.342446640062841645e-01
-1.193332148530117376e-01
-1.595575195307554761e-01
-7.885178437698274756e-01
7.191063574250791124e-01
-2.786677945635577247e-01
9.914954831722881945e-01
-1.154532584196665823e-01
-9.161879021558259062e-01
1.037533610052979505e+00
-4.923010232766333871e-02
-5.535487443780582328e-01
-2.533666322315133446e-01
7.003838363989277616e-01
7.464668246290586673e-01
-2.691648022266608375e-01
-6.337304452374725727e-01
-8.437409914565352498e-01
6.267420601922624179e-02
-7.711095449389739898e-01
8.477641599848787513e-01
-7.919813792864407453e-01
9.353787351540751027e-01
-3.377684425442357696e-01
1.537286272430916922e-01
-1.033209302063298196e-01
5.777413368117920722e-01
2.183793541910450386e-02
-5.282199869976212936e-01
-2.788210912124875485e-01
-4.843588695215386153e-01
-4.100773738221572540e-01
5.054751588142458729e-02
-9.610039754607979656e-01
1.172131046885360739e-02
-1.043854853533161542e-01
3.340172982037554750e-01
-4.138691336673343546e-01
-7.609063820184633897e-01
8.946661691007742334e-01
-7.887772761449718395e-01
3.878500350059845836e-01
-5.413209769179760933e-02
6.922983435549181497e-01
3.999716582600354453e-01
-7.288100585169949852e-01
5.558715624761465524e-01
-3.267956720439646467e-01
-6.945083250258095031e-01
9.515473245171883754e-01
-1.703578170833999206e-01
-8.071230210628426160e-01
-7.167959825626275538e-01
9.675133756183069700e-01
4.196402185527516870e-01
7.966420637388249570e-01
9.009500262750693711e-01
8.986723985428963779e-01
6.729035159538887534e-01
6.881797489311223259e-01
4.339446371875084196e-01
-2.365568127311077351e-01
-8.778108090109619788e-01
-9.046075799748964918e-02
3.784913478666280806e-01
9.433276385096631689e-01
-3.625619872489560525e-01
-3.208328111902123414e-01
-3.350453943443476579e-01
9.567331841978703455e-01
2.548915255803264612e-01
3.081638008737199730e-01
-8.967867291638427218e-01
7.641430920199890897e-01
1.503511960820937965e-01
-3.165545738472308468e-01
-9.846466149484272012e-01
