4.368582309957715903e-01
-5.420411946939833747e-01
8.361198617798881738e-03
-9.987909019527567711e-01
-8.867752438066487386e-01
-7.303187831889510484e-01
-2.892288526302919660e-01
8.710713636913749447e-01
1.977244592212488161e-01
4.825425363692130709e-01
-2.351667077394665739e-01
-5.560064407144322818e-01
5.814172974489764112e-01
-4.708000846908884096e-01
-6.710416402003467340e-01
9.406361540665431065e-02
5.627349346668319985e-01
5.055608732620666679e-01
2.322013158522777676e-01
6.906363872796071890e-01
4.352886049437023619e-01
-4.613301257413726653e-02
-6.981172204476455700e-01
-2.778946430990079097e-01
-9.877958157637456438e-02
-8.330402240758980614e-01
-8.979743835626843307e-01
7.429671676144826709e-01
-5.931587992156928113e-01
1.920301329658058442e-02
-2.324430706287973214e-01
-3.889650421552923731e-01
-4.495700054542210999e-01
-1.157908676964976014e-01
5.350728872524923574e-02
5.163716385433414491e-01
1.213059379525158743e-01
1.316855463268948867e-01
3.550699190836301700e-01
-3.740117988282251060e-01
-3.143485908892866831e-01
8.372316980258469599e-01
-1.029672915288681878e-02
1.536304368983010260e-01
4.117519314539879183e-01
1.714762660863777821e-01
8.762034283808726176e-01
-9.005690144454254753e-01
7.416729870717762019e-01
-4.970002583457437395e-01
3.272231496359283565e-01
-1.705301591977370634e-02
1.689510764015074162e-01
8.980857993416264673e-01
8.713966493818663395e-01
-4.598079220921387211e-01
7.212184860433883404e-01
2.821707846856211788e-01
-1.560657207403273183e-01
1.774105320784591378e-01
5.887036540764951642e-01
-6.279815737204685888e-01
-5.861393108421966147e-01
8.621131338777021647e-01
-2.206194863457563438e-01
-1.108420621733063882e-02
-6.097101342173236738e-01
9.999299576155060709e-01
6.411169905901821231e-01
-6.986395436314556395e-01
-4.852772965920775228e-01
7.997334385904352194e-01
-6.065826798632176775e-01
3.273927671202523371e-01
5.825388821355126368e-01
-4.101513963606713276e-01
2.901250278463343157e-01
8.334783249987391951e-01
7.122037978074609033e-01
1.031108786404188793e+00
-1.123223767126566575e-01
-9.408214647040427092e-01
-2.531861213660462351e-01
3.977091151501427335e-01
-7.421725586062924429e-02
-4.340918967889018099e-02
1.324712161226828666e-01
1.205753163612655054e-01
1.656149536038253878e-02
4.578415682389214147e-02
-2.500832023916967073e-02
3.157107032829136184e-01
-5.912384202243073372e-02
-9.343180633386292122e-01
4.872876638721117537e-01
2.311064703319634095e-01
-3.846184723216623524e-01
-1.014310499984846681e+00
5.536243813858963136e-01
8.600630900708545745e-01
-6.424310106407351562e-01
-8.499871134649663595e-01
1.916931998571138607e-01
-3.657103373496635168e-01
-2.178023317934097980e-01
6.160891612363563752e-01
-9.227856123291779955e-01
-7.560508457572585606e-01
2.475840170880279079e-01
-9.924937979108234831e-01
1.434908026443140194e-01
5.708586602600549398e-01
4.167789985367729155e-01
2.578275443689079793e-01
-2.630877262592032362e-01
-9.333136775801266216e-01
-5.125715400059340787e-01
-9.415013983845277323e-02
7.613200840854603690e-01
-8.475692079484047348e-01
-8.538131884790476356e-01
-2.360763240080225867e-01
5.878725777282272080e-01
-9.692231509786644050e-01
3.716826588322064140e-02
9.823369540062929506e-01
-3.734365456685374007e-01
3.502724356959123764e-01
4.266965412252574641e-01
6.376913457237809446e-02
5.953312020980059405e-01
8.842022867889303139e-01
2.549098768787392277e-01
-6.381670784645040451e-01
-7.202527412744899049e-01
9.460758963454065640e-01
8.634823544399912176e-01
7.180417114179231675e-01
-2.724503342390140470e-01
1.312234980877349244e-01
-9.916970390649975098e-01
7.694132124559607266e-01
-4.378766998614238570e-01
-1.275252780383462348e-01
-9.660354055735258516e-01
-2.737052625045446330e-01
3.318237253599536363e-01
-8.019534347513632699e-01
-2.162200115375094711e-01
1.401492534306247872e-01
7.850082078493663129e-01
4.999263545630219241e-01
7.034646212552042588e-01
3.331796668820858898e-01
8.350185836302748132e-01
-6.164163759300094192e-01
7.894360581735848648e-01
1.645285509787712819e-01
-4.425678176934397801e-01
5.289983098719452936e-01
1.112415485295668027e-01
-2.395619953358079091e-01
3.544213210772078071e-01
-8.345697568889955953e-01
9.184350918591455137e-01
-7.869596811560155558e-01
5.748170370419254382e-01
1.977469547540438022e-01
8.676238420491571013e-01
-6.710515435988719801e-01
9.734706426312496053e-01
-2.264815219729514606e-01
7.616289566763745356e-01
9.826188800843456139e-01
-7.126133481200989106e-01
6.903889734301709158e-01
8.334423044475849363e-01
7.058784964076970647e-01
