-5.570392997242739064e-01
4.230808525948586141e-01
-4.392661833299409402e-01
3.038539826671784461e-01
-4.113891505463433962e-01
9.257803023379322926e-01
-4.039670151112111363e-01
2.893638035012844334e-01
2.783338573761895418e-04
-7.488572292705293343e-01
5.536536914036731538e-01
4.462899882221653680e-01
-6.274076176417506812e-01
-2.921886855543105455e-01
-6.256152644613655056e-02
-5.005179732826188221e-01
-9.931128538247959714e-01
1.596003853267122796e-01
-2.872249432686413417e-01
-8.372736906479720798e-01
9.141581717633409099e-01
-5.777906081857531184e-02
-8.065287857352408940e-01
3.470225144966825326e-01
9.684644960087614995e-01
2.687572932908155465e-01
-1.637264583586763855e-01
-5.101962710298523218e-01
-4.889098421402033878e-01
1.468150781325856524e-01
5.898727643569892098e-01
-7.329273920841530288e-01
-5.579796124822755665e-02
9.666465054500936738e-01
8.763628763100994590e-03
-5.804509015347674161e-01
-1.600034041897633319e-01
2.094734721717237402e-01
2.333249684943199398e-01
2.330031879862952682e-01
-9.074131911747176371e-01
-6.485236836940952987e-01
-2.564420392224930900e-02
1.978065373355060164e-01
-4.778895722451470540e-01
8.462392837555245961e-01
-3.497189170880994347e-01
6.969138960023011364e-01
-4.886682439793879063e-01
6.890444336173784379e-01
-9.028832046552699442e-01
7.343781068654458011e-01
1.557070433686704725e-01
4.842146039219614728e-01
-2.640809258834444506e-01
8.081681468696888526e-01
2.707448956345410718e-01
4.003103608843907590e-01
8.683501874111310137e-01
8.965744972428915105e-01
6.504445049813496471e-01
4.773421713732111105e-01
-8.643470750223480881e-01
1.124835035133540107e-01
2.904051458191347912e-02
-2.999398266043824535e-01
5.827791524990477701e-01
2.952436864934211425e-01
3.276856224095074932e-01
-5.123880000719944761e-01
-6.186407527999543410e-01
-6.034257843997734572e-01
6.067255230601802385e-01
1.769037686745382754e-01
-2.436364161464679157e-01
-6.049986808260909843e-01
-7.231007146026320331e-01
-2.578903777694718791e-01
1.312350969063857953e-01
6.321659450627681309e-02
-2.496323946374543468e-01
9.085729132800035579e-01
6.188853721778833084e-01
4.408712987672689376e-01
6.283034679814494816e-02
-9.857328556163063027e-01
2.386858268686533613e-01
5.542951752066056503e-01
8.193408237115451520e-01
6.921313869444105649e-01
3.354038264983041362e-01
2.493167706391341554e-02
-7.744951705847968881e-02
-8.756581548768056500e-01
6.334317196548586715e-01
-8.478472909228147447e-01
5.098126644196954160e-01
5.501113270682298495e-01
5.940990119859244079e-01
-7.192803099549418544e-01
-6.693867443829462083e-01
3.966365624751964081e-01
9.780918381246417326e-01
-6.322091578069171103e-01
-8.414202016174550103e-01
-1.496187529271777450e-01
-2.393147980590113466e-01
2.656105084500428593e-01
9.766013561092485862e-01
3.624432032508912993e-01
-4.802114900413108067e-01
8.259535800484512080e-01
4.540872838422955748e-01
-4.253760344659200943e-01
1.864231314496180847e-01
-9.231910757401229350e-01
8.510214000653755217e-01
-6.222092346785368377e-01
1.198106941923682278e-02
3.368739258426953764e-01
5.941471320213207452e-01
2.460809206622753820e-01
-9.800800191062997158e-01
2.707433484097321319e-02
7.747146358165710733e-01
2.603279533410558511e-01
5.175652458559665270e-02
-3.214930487511336032e-02
5.259586904662794105e-01
7.669802197698933899e-01
-2.180311185915189132e-01
3.770292270888497832e-02
7.609921328958573206e-01
5.109381568695119391e-01
-4.486470046693691316e-01
-7.301095228668958992e-01
3.535977911432424126e-01
-7.406630243108167644e-01
7.436014832936062025e-01
-5.755534044176866537e-01
7.159732555823068445e-01
8.541153296220767022e-01
9.347410841583907448e-01
9.718749563597715024e-01
-9.510189871397622952e-03
-3.317210852271113009e-01
-7.373577274198803710e-01
-3.675046898309302090e-01
-9.329010409631741663e-01
-9.292485663005705110e-01
-8.541663887533545996e-02
-8.985909641407723303e-01
-3.835876324833591422e-01
-9.655537430850746894e-02
2.043752363220083801e-01
9.915502729503014034e-01
-4.579330949925284333e-01
7.862465221560923645e-01
9.590485842289562246e-01
5.879562206373099009e-01
4.845967229442562640e-01
-1.326442719370251044e-01
8.208109886022110224e-01
8.839959187550958664e-01
4.601588276258230525e-01
3.534164593149393685e-01
9.452263833752879707e-01
4.481391305549089488e-01
-2.862137884358457729e-01
-7.058970577973399108e-01
-1.008387643882611817e+00
-9.214443270688552623e-01
9.767748640738891375e-01
3.651623617862642668e-01
7.950980391220150434e-01
-5.745519927724245246e-01
9.209082629134146547e-01
-1.061531337712090961e+00
