-6.355671863538350230e-01
3.413972059390486535e-01
3.768792739244559709e-01
7.158602182752045184e-01
6.924069923660538528e-01
6.936873235855778308e-01
-6.716562682741287205e-01
-4.174624298067504125e-01
1.976456886391484424e-01
8.784227509780768717e-01
-5.587376430739412481e-01
-6.908623789438452789e-01
3.318734832898349030e-01
2.254805580951482202e-01
7.766539678934714086e-01
7.052734643167442030e-01
2.997045443657937458e-01
4.096570407222168697e-01
9.252939293461188708e-01
8.310669921520690284e-01
2.960524460186197970e-01
5.241882008203000431e-01
-2.944676024396613023e-01
8.368475800093200245e-01
4.181475473543203591e-01
1.799413618508438617e-02
6.790501554151586738e-01
-9.638750626332226457e-01
1.227444582184220589e-01
-4.459492013855137493e-01
-7.950694953200352355e-01
2.669359827821389253e-01
8.850176149130741798e-01
-4.402095375450956194e-01
-9.476642915125828015e-01
4.489628697949463731e-01
8.293453007901052665e-02
-7.706212968254844142e-01
1.585497027643272272e-01
-2.963474221263875386e-01
1.437215983065911473e-01
6.645676605470443032e-01
-9.715443180883087670e-02
-6.824379979432015908e-01
-8.045881862213148938e-01
8.770975119008150855e-01
-6.546319543233165561e-01
-4.075512313520111007e-01
-7.610725325898453075e-01
3.156644253526437183e-01
-6.638371299790395419e-01
2.832737515169947429e-02
3.911638851699934527e-01
-7.287441667243912402e-01
2.032962959567208294e-01
-5.822910859353762625e-01
4.761367079611994457e-02
-4.602778402904583732e-01
-7.253817309024945814e-01
-1.787227597667258028e-01
9.289271942877699306e-01
-6.081023731209189709e-01
6.649556467791193359e-01
-7.477918224692163829e-01
7.688609208838188547e-01
-8.554094305407267118e-01
4.550929716933305169e-01
8.169478111871728565e-01
-7.448171115917947560e-01
-9.998119767004183256e-01
3.745879347278535665e-01
7.840377533062123927e-01
-8.503552624513894820e-01
-9.365800733806128875e-01
-7.076295554466509596e-01
4.716897049571471268e-01
-4.489199698248376169e-01
-3.493624414762928065e-01
5.692161627642746691e-01
3.493297974408563489e-01
4.001557725991123360e-01
4.692224031556924135e-01
5.780200833029915941e-01
2.959166694344734783e-01
6.670815289113631863e-01
5.665079764473678337e-01
-2.694683524949339493e-01
-3.770974960538280296e-01
5.993210742993237972e-02
-5.792826140320195272e-01
8.807274466158054871e-01
-6.160404257860627730e-01
-7.542373113094249515e-01
7.694355817580567081e-01
-1.654653355601669595e-01
3.096424473679044720e-01
-2.984753645868996053e-01
-1.536364886455494627e-01
2.453986816618096700e-01
2.738147617654351773e-01
7.994600677115109022e-01
-1.104766098515945760e-01
3.614349507030469866e-01
-5.996703894497423804e-01
9.559957468186575102e-01
-7.587140499469289256e-01
4.600810064608604755e-01
8.082625361690976007e-02
-8.908315072533135037e-01
5.176073284535347430e-01
5.612314249797802912e-01
6.875262869934792853e-01
8.993056746442544824e-01
-8.119809846621575122e-01
3.312959860898019304e-01
-6.489261200173697119e-01
8.966569764251626218e-01
2.677010099327412629e-01
-8.271464499914200630e-01
-6.381518758837221306e-01
-2.335660488450468364e-01
-9.422663271982101296e-01
9.685669727844772314e-01
-1.825406637121576026e-01
7.253024369545227890e-01
-1.798694462022933926e-01
-3.743071645569954198e-01
5.863081200342734611e-02
-1.980553692443183245e-01
-4.275798204403904457e-01
-1.213503805199076524e-01
8.203469478397158454e-01
2.984808104100025172e-01
5.468486943901023078e-01
4.790980069005357223e-01
1.994999107033219587e-01
-7.839075617851567479e-01
5.373748460064016186e-01
-8.585462618487358366e-01
9.985310872646131486e-01
-3.560256029548645174e-01
5.945663440270920752e-01
8.197890817018520515e-01
-6.232428755424257449e-01
-6.334700596694264885e-01
-3.594507740321291056e-01
8.027415885034741017e-01
5.945667740585274252e-01
-1.615032113100802746e-01
-5.453330817583266210e-01
-1.805554985092363840e-01
-3.409003671634722732e-01
-9.898446209220170822e-01
-1.124337369716927881e-01
7.512141358278419112e-01
2.424117621067964912e-01
-6.421971358023284004e-01
8.734153711046430679e-01
3.609759875887252889e-02
5.462203539328197577e-01
9.390711697094524801e-01
7.516421376568140911e-01
-2.787377522506195859e-02
6.082506320876450712e-01
5.624021682344553241e-01
-7.913119812934035213e-01
2.958364181754395972e-01
-7.527950656573767496e-02
-9.558300295148141057e-01
-8.805931770251351765e-01
-4.499561165736065682e-02
-3.337264099799911454e-01
-7.623289740461354214e-01
-6.726147365584584925e-01
-1.383760696150244662e-01
-3.374952799961550287e-01
-2.521223158780960816e-02
1.401890675662462726e-01
