-8.489461321778570824e-01
8.130321685977921486e-01
2.026350776280083643e-02
3.539184792270886337e-01
-1.210346541042727486e-01
-7.214681319746503174e-01
2.393063531125760868e-02
-7.045710104089559778e-01
-8.240430564691558768e-01
1.951368650698503959e-01
-2.502666738922830758e-01
-8.351432423602078714e-01
-9.061598930760073056e-01
5.058209211892080726e-01
1.984549139170077581e-01
2.340110765339591392e-01
1.415289022518075868e-01
-6.590453878368645046e-01
9.006718226829113494e-01
6.265327723913647340e-01
-9.326077069004174991e-01
-1.792147332146758476e-01
7.857131500302387828e-01
-8.639521971479200424e-01
-1.421396539114907487e-01
-3.428230277500001755e-01
-7.789346207586267390e-02
3.351697037286758274e-01
-1.816427867881840186e-01
3.067965100988079286e-01
8.404149330874097767e-01
-6.783790782148002574e-01
6.304144538254665697e-01
-6.959455820350417543e-01
8.323048050660881714e-01
-9.713986878554656812e-01
-1.872956004741241909e-01
-6.658334280762473467e-01
-9.124780228704990614e-01
6.405148977144334843e-01
-3.526750714138420228e-01
3.884458789390705657e-01
5.621530942257588759e-01
-5.481006453212913243e-01
4.508570763284802663e-01
-2.601955299814839861e-02
-5.229533114425652940e-01
8.841870858696325719e-01
-2.260606822081541178e-01
-5.360161503587401732e-02
-3.403904508143895669e-02
-9.316402657926299291e-01
2.888789129324823568e-01
6.793093152907206944e-01
7.269138574702402877e-01
3.020651853739654280e-01
-8.270417612685605491e-01
-2.853898325218229282e-02
8.658560432628727987e-01
-9.979820252269659964e-01
8.509165263312024052e-01
-8.999468696384369526e-01
9.941945918270063132e-01
-8.872524025643582224e-01
4.869021599327345573e-01
-3.137083977852723748e-01
2.724895393917905473e-01
-3.146338430956641119e-02
-4.852927279154053419e-01
7.248106123042103999e-01
8.437593523401925033e-01
4.601797287478093246e-02
-3.029584332467644137e-01
-6.175076196680784335e-02
-8.303793845302127608e-01
-5.405273851217162751e-01
4.966663221828522268e-01
-9.060081639961932165e-01
-1.511761714723722783e-01
-7.759072599560565831e-01
9.056166563108192236e-01
3.158858522068386243e-01
5.515534169170004386e-01
-9.754842142023580909e-01
-6.052951070232910347e-01
-3.089868999324283383e-01
-1.142721003154600207e-01
4.235784713515644562e-01
9.384094199618349119e-01
8.882682305944584744e-01
8.149918278318417642e-01
8.168002228991533276e-01
-5.710646644290866547e-01
4.060364862189437263e-01
9.888677169560413649e-01
9.325802840046480968e-01
-5.761527504530652433e-01
-6.592581429461912279e-01
-4.812824948571881034e-01
-3.017210487791639473e-01
-3.624589891178118251e-01
-9.094940992469520147e-01
3.094022700215248167e-01
6.182111855259699862e-01
-3.034906048124058064e-01
-1.470846638246525728e-02
6.371872032499796834e-01
-6.009953714555893445e-01
7.797889954830514725e-01
-8.144715552613657206e-01
7.958751827435608384e-01
-6.654954881610237738e-01
7.395700113301595380e-01
2.990152152875007463e-01
3.500256683225122512e-01
4.343191589410064779e-01
3.423821925972925229e-02
7.440562847500127308e-01
-9.883516561317333693e-01
-6.965331069851956602e-01
6.250622555759242083e-01
1.034686995577613899e-01
1.667251226761523597e-02
7.797310255465371709e-01
-8.120688230923818196e-01
9.626138243747124346e-01
-5.080581700629083208e-01
9.628587878575249892e-01
6.239397224526443964e-01
-5.313080102201930277e-01
-4.835027660846533681e-01
-7.392445380036971603e-01
8.757693365238989891e-01
5.240344506347835996e-01
-9.517177813875408177e-01
9.022930132904016798e-01
9.058740977861521326e-01
-2.644646208092300554e-01
2.684055805656500038e-01
-1.170853874361983404e-01
-1.197452674323331578e-01
5.607688609307617256e-01
-2.168619975774495057e-01
1.684045724212666073e-01
-8.751328695460094398e-01
-8.714784495307292822e-01
5.570023344601700011e-01
-7.149233290073462310e-01
-1.262797370741939318e-01
4.964945262593964959e-01
2.235840355595256623e-01
2.651410422426049851e-01
-3.249272823129627508e-01
8.052317477003643198e-01
9.136039128632311712e-01
-2.884139188000445220e-01
2.794996888485914432e-01
-9.324380550559780989e-01
4.750070675261026665e-01
8.462526025773673410e-01
5.177114814643162255e-01
3.073465803625983206e-01
-2.952303376886147301e-01
-6.970541680948263430e-01
4.023223783534932707e-01
-2.612296878539723810e-01
9.206862282638370587e-01
-1.358603665668585148e-01
1.278192146504841809e-01
8.508326953511873292e-01
9.401209666578844715e-01
-5.959482960447934907e-01
-3.416810064229149901e-01
-2.664564587349733671e-01
4.899450770190274529e-01
-7.324209130560728198e-01
-9.532713762549211989e-01
-6.093462688777053771e-01
