2.860351436927754953e-02
7.420773049654412201e-01
5.769706244231815884e-01
1.401850287576213994e-01
9.439489593531624756e-01
-1.603610125849694867e-01
9.679622857791452262e-01
-1.282630366148163059e-01
4.775732990186638549e-01
-8.740553116671856415e-01
-1.698487280878502315e-01
7.171462034470637015e-01
-2.727229477921950807e-01
-3.270726550085609752e-01
-9.643949364519199818e-02
6.558883425216088803e-01
4.394635190600058028e-01
2.724178506167853620e-01
6.272134097683981224e-01
-5.166039964841038223e-01
-9.537394367617153534e-01
-2.684079618880135243e-01
-3.475690512214830719e-01
-8.606494103991368938e-01
-5.911557706096570719e-02
-7.151333902900127715e-01
-1.877462794998479012e-01
-1.669053644231817124e-01
-7.209290115391742138e-01
9.156500382288301765e-01
-7.510402155712010419e-01
2.429329974931526692e-01
-2.158070236925477836e-01
-5.058925023152367473e-01
-3.485490979378151888e-01
5.360114519473146988e-01
-7.588456816496005342e-01
-9.850641703543623340e-01
6.283632490506447787e-01
-4.227921524794140407e-01
-8.113505427310674367e-01
5.680430231457078705e-01
7.245661061035264527e-01
-6.773629382633941098e-01
9.486959290524659139e-01
-2.019272567828727105e-01
3.627467361184741890e-01
-8.664561570857443051e-01
-1.105672840961524628e-03
-1.916540993782132052e-01
6.442668027606099912e-01
-8.071705069212857797e-01
-5.403329832651979636e-01
1.904299828359199420e-01
-4.966110698350401087e-01
6.438251220147042098e-01
5.723187587000864163e-01
-7.124293999991442305e-01
-6.463814805329199942e-01
-1.402435702633668679e-01
6.765469010338505118e-01
8.793478189580272719e-01
6.157214881172954346e-01
-6.253277136753236931e-01
-7.577633294952419440e-01
8.056875964962981751e-01
-1.613432452874854484e-01
1.799611230322142319e-01
8.567752732313487218e-01
5.354522591115180585e-01
2.003327822295064564e-01
8.308083718222558645e-01
2.575660737583287396e-01
3.026592878694112088e-01
5.775853831686703632e-01
2.400957279007303047e-01
-1.326353178679260392e-01
-9.144108520325744394e-02
7.824374603417658669e-01
-7.204734058903294880e-01
-7.896047809613042645e-01
-5.012855055337421817e-01
-5.233901505510019092e-01
2.907195902083228312e-01
-8.355937774640054272e-04
8.637271016760250664e-01
-4.342741318633958070e-01
6.324669623878420577e-01
-7.354399269390072824e-01
-5.256329524416040178e-01
9.427152844328789971e-01
-7.919866061720770567e-02
8.824804319696676336e-01
9.059244294114563445e-01
7.316557556023106645e-01
-4.947991450457078777e-02
5.315350023727227757e-02
2.883925927643213871e-01
-2.183084533092378710e-01
-2.331139803142631139e-01
-3.185392670941353810e-01
6.871187931784550340e-01
3.119657095187706730e-01
-7.099481614146299080e-01
9.071271493177075484e-01
5.143533449183608219e-01
-4.699822034622049838e-01
1.222549987875398703e-01
-9.633558927710921260e-01
-7.422068056419105497e-01
1.828314579851819666e-02
-2.989627856519461169e-01
-2.746623044178937434e-01
-9.083897901839019795e-01
7.399241988141465054e-01
-1.508520583393979653e-01
8.280680071366797179e-01
1.822012323934181222e-01
7.545197805716379325e-01
6.711222814969348693e-01
7.262279329920673376e-01
-9.159893056813042111e-01
8.340449916441847744e-01
6.280775498913750976e-01
7.456824313141223737e-01
-8.454644868063487806e-02
-8.805848077558020570e-01
-8.983189499910551046e-01
6.525320258267279794e-01
7.826487392569076995e-01
6.610648119402318112e-01
-3.396081155397394635e-01
-5.213572196121412095e-01
-7.854369843977986321e-01
-9.644781396029522558e-01
-7.409907778270954370e-01
-5.695845613003625019e-01
-5.624815012148647320e-01
6.185884708428974754e-01
-9.696252023614502225e-01
-9.805052995167886642e-01
8.547854931685112678e-01
-2.853786934180206902e-01
-4.013072491777092132e-02
-8.640437601693826686e-01
-6.568878149124501853e-02
6.699560901561698589e-01
2.231009873446476721e-01
3.150272669616364096e-01
-9.935134891764347831e-01
6.327832522901524204e-01
-2.122720332845375868e-01
1.312426498551650944e-01
5.448446187627842274e-01
5.409337980258539513e-01
2.414229200970969824e-01
-6.030562273227357828e-01
-7.677020707444728309e-01
-1.313646745724448839e-01
9.986414265537790769e-01
-2.938574915753688899e-01
7.287088712069369478e-01
1.429843172206057833e-01
8.149689813494787050e-01
4.362465566350364199e-01
-4.901499221024701036e-01
4.911436505070694292e-01
-3.741637990897417332e-02
5.151003926423269874e-02
5.311803545170357133e-01
3.179126728458752105e-01
2.129517577505308790e-01
-5.095693417667570557e-01
6.897492890130283438e-01
1.698668450472229363e-01
-1.664924821007256472e-01
-9.630408354435611162e-01
5.910017635690858473e-01
