-6.280088211612986360e-01
2.536372577251659877e-01
-8.115504204395429522e-01
-4.477314037916617639e-01
8.537708943670703210e-01
-7.399530338041859778e-01
1.384180068978999589e-01
-2.874388369352454120e-01
-4.273365882456856557e-01
9.041614674710449773e-01
-7.573272490565732262e-01
-1.252839488194399387e-01
-7.468406010130399508e-01
5.025965083838452863e-01
-8.895969638395637702e-01
-9.727085349026221017e-02
3.925259693191862631e-02
2.297439206296745251e-01
3.513698591464617937e-01
9.520660038159645122e-01
-4.249957358607268088e-01
7.363729542981731768e-01
-1.087471530029091582e-01
2.123523934506876820e-01
-1.072260932639945707e-02
6.633518659605524004e-01
-8.842800072909444697e-01
8.554577893512953501e-01
2.221040354795966731e-01
6.774813468382017145e-01
1.382938029960318893e-01
-1.724084532671230630e-01
-5.966923827344035036e-01
7.781275805147271907e-01
6.492826132565873709e-02
2.473922149262446357e-01
-5.374132295390636749e-01
-3.610540994050084329e-01
-4.787510988513505872e-01
4.870040129311101751e-01
6.432952618251450705e-01
-8.119000991426690295e-01
-4.339475693191681138e-01
8.108962138105921813e-01
-2.776238262745955865e-02
4.869840742015676405e-01
-1.788501920571168302e-01
5.272432820784067609e-02
-7.538828276733595679e-01
1.777636654543324202e-01
-3.765714797737880204e-01
-2.082437358524424909e-01
-4.796553181285290179e-02
-8.514396120121181522e-01
2.917098757711555912e-02
6.071162301086072688e-01
6.317877540818279680e-01
5.179387877410013274e-02
2.273710085165170369e-02
-1.684186555628799375e-01
-3.202837593146701245e-01
-3.272352679141414811e-01
8.478722910624139075e-01
-5.533945970519504876e-02
-5.820242742207915043e-01
-7.834079269585458860e-02
2.362870846890103849e-01
-2.885510723296680347e-01
6.239944623038515825e-01
8.744915208433123865e-02
2.203817168220556511e-01
-4.777614327516521708e-01
9.903073373934729862e-01
3.964612203981809913e-01
-4.686753669624712515e-01
-3.196547820801880491e-01
-4.150640893388501951e-02
9.086928843961896707e-01
9.568677084274537226e-01
7.732261959693484954e-01
9.861010372107983368e-01
-6.486515393477940705e-01
-5.845360955041156714e-01
2.364315808928088014e-01
7.382382642537934636e-01
-6.642337259718740228e-01
-5.492133092385369508e-01
-2.327718649365184689e-02
-1.428456415224577114e-01
-3.207925206890624992e-01
7.568120747851982966e-01
-5.838608332666979095e-01
5.211329690866193243e-01
9.706737015060393770e-01
5.143925146452861252e-01
8.637861334392669121e-01
1.018834027825854527e-02
-1.035054790302932126e+00
-5.058194971330784995e-01
-6.721982729781859067e-01
-1.348552188494231419e-01
-5.575392965064731587e-01
-9.744568132307620534e-01
-8.155597231020614846e-01
1.377429943201453622e-01
-5.819404751575514290e-01
5.241788061174659230e-01
-7.497709476611147394e-02
7.607665529304097340e-02
-8.082781502507982996e-01
-7.177165162103669172e-01
1.944616175474487285e-01
