-2.564138009970569065e-01
4.483152653979169955e-01
3.879136378302612265e-01
7.021902185038442212e-01
-2.951855217392282960e-01
-1.937564310505324183e-01
-6.330142605564126335e-01
-4.405869282738632542e-01
-4.315996581926100362e-01
-2.076527543090944672e-01
-3.449632641787354626e-01
4.378527591266925256e-01
-2.590970056431611823e-01
-8.916287794459265559e-01
-6.855734307641918601e-01
-3.167775270841826085e-01
-2.443977131821470916e-01
1.609440257493486293e-01
-1.610840273834608372e-01
-7.345138936084065762e-01
9.775504146998494903e-01
2.653631125734101648e-01
-3.741458691329198061e-01
-1.573249427697462899e-01
3.834673226064624352e-01
4.577531529065339555e-01
8.569712990697309074e-02
1.476612194507003206e-01
5.413194913507042294e-01
-2.999482237186121836e-01
3.302762274435810941e-01
-2.581472312014665427e-01
-6.304722281869294953e-01
2.409019068921089968e-01
-8.586617100136755276e-01
2.883630322343866403e-02
-4.985282876444587785e-01
9.035790275593933440e-01
9.520723584002592776e-01
-9.359298950128038808e-01
4.632121220421516750e-01
-3.507615886269854766e-01
-8.827656576903040175e-01
-8.984772350840597444e-01
-6.998191656297860774e-01
1.457372874754845338e-01
6.664512428762141560e-01
9.912658814412680375e-01
-8.749595106750884810e-02
-8.962777439466975693e-01
9.613832173482639298e-01
7.331272923049327872e-01
3.531735264789770401e-01
-7.591024147429337177e-02
-4.484726033831660796e-01
2.231236812247463508e-01
-9.146574925866397532e-01
1.858384612861836427e-01
-9.363018921758539115e-01
-3.323027932622131253e-01
-8.761932005916333033e-01
5.886716295470606486e-01
-8.154077377269230986e-01
-7.880252096414397389e-01
-7.609823224115819240e-01
-7.501544860787168201e-01
9.334581117891820323e-01
-6.105624574973924634e-01
-3.727923129758938803e-01
-4.862572984631932105e-01
3.271109776050546980e-01
-8.544384274963825465e-01
3.543709437041675514e-02
-5.417757379674914553e-01
-2.889966056438491027e-01
-2.573095821284565599e-01
-2.045832722969438411e-01
-8.714909273363802278e-02
-4.957394629717326584e-01
-4.811571740240547790e-01
7.488343467188458558e-01
-2.951645278133090411e-01
-4.345052548550507598e-01
7.014944984237123649e-01
-8.124883951334500587e-01
-4.045918903548173517e-02
-9.484892562892941470e-01
1.437487498989349355e-01
8.893756800050844902e-01
2.275322382383566655e-01
-1.611657644141877288e-01
-8.939881377661997863e-01
1.161335469949977828e-01
5.172814594625796403e-02
-5.814031612465362375e-01
9.872727912795651317e-01
7.152736004280151327e-01
7.393774717170784605e-01
-9.982211322214169513e-01
8.655233847639838274e-01
2.491409262978512285e-01
9.105233543611899183e-01
-1.203721806424982166e-01
3.272522430245246028e-01
1.813454503600819834e-02
9.746146028208577672e-01
-2.685149295979376571e-01
4.798042756384945928e-01
4.497242811626809278e-01
-9.958416809918491097e-03
-2.787109002674834635e-01
-3.113747024043009848e-01
-9.647790865746610489e-01
6.088407302164193791e-01
-7.492417699182678525e-01
-5.810124445846787111e-01
8.004957228190556773e-01
1.600345589124301249e-01
2.430698486827982396e-01
-3.828872833638305995e-01
1.726478742971937486e-02
-7.606353924828921365e-01
-8.377959000395527323e-01
-6.417339477198380493e-02
-2.876372411195173839e-01
-3.810954104322716862e-01
9.045906952880888863e-01
-5.479560855781622219e-01
-9.909341571056402564e-01
4.693805641598733924e-01
-6.760520108134762118e-01
3.574435199335812552e-01
6.341987026577327047e-01
6.932131907152350170e-01
-7.597635156582516203e-02
-5.209178195920023402e-01
1.644407352271137768e-01
2.547281901065423515e-01
9.647310263964543608e-01
-3.610941374711413854e-01
-7.752056326926151097e-01
-5.254622557194010835e-01
4.163080485823049681e-01
-8.061295872570233279e-01
2.225514875260317105e-01
-2.448628978210198870e-01
7.430249939430644268e-02
5.696562851766144853e-01
-4.937989333138181891e-01
-2.156466343968130861e-01
3.469626407536370305e-01
-5.069906623788202893e-01
-5.775274099305820474e-01
-4.124475783300349807e-01
9.368281153356239344e-01
4.115558757376100996e-01
9.081479892556973965e-01
-8.983622187778650403e-01
-9.772841557828677583e-01
-7.797113029257050076e-01
2.749547224668984491e-01
-2.320075781857837693e-01
-9.691194496546406967e-02
-9.382563737289690842e-01
-2.957258627748495794e-01
8.647898907048052752e-01
-5.174784492995163632e-01
3.955502004802855520e-01
-3.593318823651805438e-01
-9.792437523061849891e-01
-3.311016650118252524e-01
-7.103665206881242256e-01
-7.300013165412986282e-01
9.477216617616779359e-02
5.388506156761720955e-01
8.295367830244697593e-01
-2.304809609085440858e-01
-4.163397009333276166e-01
