-8.906419277790555977e-01
-1.794503428525047184e-01
-7.499514761745305069e-01
7.131840895799475000e-01
-1.164551108580833272e-01
-7.152759937396280243e-01
3.447900716419977085e-01
3.878565447094117769e-01
4.121317071877144134e-01
6.567852947552568210e-01
-4.135785290631266431e-01
-2.039057276585265477e-01
-6.481227028324452188e-01
-5.963323385516203778e-01
2.581409272871624250e-01
7.996985784322243607e-01
-7.137707859378136233e-01
2.172888442313138380e-01
2.692414341571220948e-01
4.895871874993128481e-01
-4.300901411297853860e-01
-6.815571911282354289e-01
1.892457111901624245e-02
3.512987799004265721e-01
8.807961697573967186e-01
-4.803690518691965394e-01
7.614353677045759827e-01
4.084597062687043145e-01
-1.279426372276404322e-01
-9.661941006779649621e-01
8.226550705544217745e-01
-3.767216527236858514e-01
5.013010512512874328e-01
4.574134001718783704e-01
-7.957477983670768751e-02
1.220869858322895629e+00
-7.709399319492498126e-01
8.291506959269603350e-01
-3.298730096240929388e-01
7.108695190362429583e-01
-9.389971618273618148e-01
-8.458300549433506177e-02
4.972219978949271035e-01
-1.054912643182021048e+00
4.331492468023656617e-01
6.225738716115206683e-01
3.470286364527019884e-01
7.274779902441075308e-01
-6.850437696609557037e-02
7.010367835030964501e-02
-3.495301310947898088e-01
6.160975902343311938e-01
1.056433584967634731e+00
3.677332144154225602e-01
9.210361218091076552e-01
-5.368702288380546861e-01
8.682011509457927545e-01
-1.309515482569367784e-02
6.242220434474322621e-01
5.170660335975381106e-01
1.654533508060584968e-01
9.338386061952982375e-01
4.232210922550703192e-01
2.376418127920831846e-01
5.910885354964265370e-02
-5.074446111273089866e-01
6.748789281485254588e-01
6.850256077034926339e-01
5.005926699361058496e-01
-8.314740761108800893e-01
4.025687840841678522e-01
-2.108563286518571472e-02
1.144949258980774154e-01
8.353813336022932745e-01
4.561262251446749350e-01
5.163248731458440766e-01
-2.924291594548058537e-01
8.826906409876194015e-01
-9.837919818761242663e-01
9.278923045316112006e-01
-2.073357842374443649e-01
-9.105592888108973160e-01
6.641472462034858637e-02
-8.246028792664117368e-01
-3.583473468681165341e-01
-7.981893437218994247e-01
1.077401340218308440e-01
7.518402450041363760e-01
-1.921171270547028520e-02
-5.923925991395389001e-01
-2.197199778127352232e-01
-4.609465861080190852e-01
8.540827989460475500e-02
5.039564661710485005e-01
-6.029441935603547797e-01
8.520944459655195313e-01
-3.276560113992412759e-01
-3.700544528065980998e-01
-7.197608616554951322e-01
-2.938817186032065543e-01
-2.347599636425123926e-02
-6.057693273891573416e-01
4.628981712136961413e-01
5.426676623519643972e-01
1.449547877350783054e-01
2.209297831382794897e-03
-9.655461540039511625e-01
-6.205366393108200374e-01
-4.213987818442204158e-01
-9.903654558176033795e-01
9.513287787656827810e-01
-7.594833441069137603e-01
2.286645728914813436e-01
7.799362472162170157e-01
-8.047890153093659737e-01
7.130575386673867477e-01
-3.509276773555392026e-03
-1.976290961200917184e-01
8.050260367605233114e-01
8.671831038422339599e-01
4.755165942057499873e-01
8.873619607825948830e-01
4.799510426562351162e-01
-5.637400076303078489e-01
-2.602889195127935373e-01
5.648792235141968376e-01
8.535886213152124036e-01
3.854604659126501520e-01
7.272831762244733600e-01
-1.785151731183942103e-01
-2.947197139354116313e-01
7.233716506092546794e-02
4.864340747420656808e-01
3.622122669620788660e-01
-1.943498892803623423e-01
8.586940688582263004e-01
2.679173865077810746e-02
2.317965241908088725e-01
6.996317869862065386e-01
-2.224655008727335070e-01
-7.384335902872749546e-01
4.319516880049592000e-01
-4.877463524859426691e-02
-4.437522322272124953e-02
-5.935368899938655574e-01
6.543796771174589799e-02
-5.112439680187805813e-01
-7.816384686801047810e-01
-1.711850770226472918e-01
6.668907791483213998e-02
-5.040169749278482492e-01
-2.353897282006149894e-01
-1.931568203969278308e-01
-4.298537302689698358e-01
3.930213741735643085e-01
6.836130631575485506e-01
-8.501102505634583473e-02
-6.631563746258170577e-02
9.249718775716941899e-01
1.040268037656457700e-01
-3.407221673009042107e-02
-4.356905782893072399e-01
-3.565302617855945488e-01
-1.228636171157247547e+00
1.371991781394716892e-01
1.395275410173784092e-01
7.498960049987399845e-01
1.955944405934826325e-01
-8.534735892066325214e-02
-3.758387301033923045e-01
6.633682918462842082e-01
-5.803781610277880532e-02
3.003537886499740850e-02
7.848484376718423139e-01
8.102599871624984740e-01
6.625974647249115446e-01
-9.565252723434087834e-01
4.760331971004145846e-01
