4.259699058143644468e-01
8.290500458342142664e-02
-7.764287341013098587e-01
4.811169200023035497e-01
6.726298319054691000e-02
-4.618837549550041111e-01
1.216341974777128687e-01
8.638824511027922703e-01
-6.408808677641781859e-01
-3.650437128538417397e-01
-8.697049542690247215e-01
-5.400830902984028459e-01
5.225953451391274207e-01
9.493689202178197117e-01
7.257326984309755424e-01
4.728982460740729366e-01
7.202669540087951461e-01
8.929853355778005763e-01
-8.222126715019029142e-01
9.829235800648342680e-01
5.914862330438439564e-01
-1.857448901882439163e-01
-8.618295148258121596e-01
-5.244591636393327594e-01
7.623140142727247159e-02
-2.180366248875584834e-01
5.522833698965514682e-01
-1.566211171817868397e-01
-6.544030980359352156e-01
5.359589029489164602e-02
-4.523317429306224491e-01
3.200001322553824856e-01
2.852118752525829581e-01
-9.378784605843275557e-01
7.751303644712013163e-01
-6.284075814341520960e-01
-9.946253700698979294e-01
-5.080220186308266328e-01
1.192096084258564836e-02
-1.369770746940643935e-01
6.003877224040765626e-01
9.138449735377551786e-01
5.966541433897245561e-01
5.241007930623182709e-01
-4.290039336102362544e-01
-4.252353675972548874e-01
2.619698971246919861e-02
-4.246471696933193929e-01
4.459312419817094142e-01
4.101231721942308894e-01
6.612224666832191566e-01
9.597732958639193512e-02
-8.864187790400497313e-01
-8.275399555739750834e-01
-6.357585920955202141e-01
-8.222437311446790797e-01
7.041868400759863089e-01
-9.719917115734313384e-01
6.785092370840448694e-01
1.003982782146903840e+00
4.771152244065406389e-01
-1.551836077541743908e-01
6.970936605003030806e-02
-9.791777758343913618e-01
8.467535717611798241e-01
-9.736727615565703431e-01
8.250842630384616072e-01
-1.494115173232499760e-01
-5.537590683881032927e-01
-2.608523153390953642e-01
-6.778479538537509619e-01
4.533713004508928002e-01
-7.491297356509285521e-02
-4.484872369244397028e-01
2.608565362690995482e-01
7.569197267855829470e-01
6.042344208920664705e-01
-7.216602007461165869e-01
-9.714622605281935108e-01
4.519531690194507068e-01
-9.446071236979838304e-01
-8.541698652805205239e-01
2.186556040307250370e-01
-6.359649818555754841e-01
-2.771415632709808841e-01
8.729417231050446979e-01
6.938815446848080049e-01
7.845987336453474903e-01
7.371240145518194176e-01
1.618291259497270929e-01
5.808628891612988010e-01
-3.359456154930873240e-02
5.047106811117685332e-01
-8.958159563817229554e-01
-8.754682149975285821e-01
-5.496712105516297076e-01
-3.388743590973515296e-01
1.160187192367378994e-01
9.861167025325880964e-01
7.950729674199006336e-01
5.497890378626039132e-01
4.488411672440579814e-01
7.044719580223113287e-01
-3.085309311139594057e-01
3.070582962631930313e-01
4.768028627171114753e-01
7.533785051564503288e-01
-2.395644171920101595e-01
5.304278700363207477e-01
1.104899785263055545e+00
7.811638256629280797e-01
-3.473062973148040022e-01
6.920208971456565106e-03
-6.369487783094096578e-02
-2.253692193738412453e-01
-2.190552529655833691e-01
3.550051558354725412e-01
1.766815683236930834e-01
-1.193557457949532274e-01
3.021293582715534054e-01
-2.813930080027815528e-02
-8.693144814257806052e-01
3.679629188605626489e-01
-5.077858491418856257e-01
-7.110861023078054455e-01
-5.241056793974483430e-01
-7.086183836702100169e-01
6.911942903348620160e-01
8.395682799415400410e-01
-2.700905114072058577e-01
8.849864061394547843e-01
4.481332506434245744e-01
4.415137005444256246e-01
8.620639201768860449e-01
3.940663945738136498e-01
7.177376858293154083e-01
-4.933666868875530298e-03
-1.189292061018942803e-02
5.441654369357900034e-01
4.659789726412073563e-01
3.748515158886565057e-01
7.896612128565139166e-01
2.410480090087356864e-01
5.025081047085817598e-01
-9.564200048708735302e-01
5.941090503410906276e-03
-5.099720716383375763e-01
2.616976037575158287e-01
8.345554229006844071e-01
1.684869072917238864e-01
-9.141541425500934182e-01
-8.004101646292260952e-01
-9.645512654672481201e-01
-5.124538838019692122e-01
-2.271848329274057665e-01
6.268522910289233696e-01
3.560886379145786762e-01
9.835058717816877460e-02
6.313759172004500542e-01
8.993756157558669972e-01
-6.640724265717277142e-01
3.300155734183340961e-02
-7.226671461948701580e-01
-7.805453196857518039e-01
-8.484407698130658204e-02
9.814294824680822593e-01
-2.723457796744985782e-01
3.457413971459346591e-01
8.062296249075427967e-01
3.012635667024048391e-01
-4.821754224008309997e-01
-1.103434637249416372e-01
-3.286770320327883077e-01
-7.093988113303746346e-01
-2.365982205873131683e-01
-2.258561135023726685e-01
7.699337589837300655e-01
3.356211419576078381e-01
